[53, 55, 51, 57, 33, -13, -1, 48, 5, -1, 14, 5, 11, 23, 24, 5, -1, 14, 0, -1, 15, 5, 16, 24, 5, -3, -1, 12, 0, 12, 0, 12, 0]

[53, 55, 51, 57, 33, -1, 3, 18, 15, 5, 16, 32, 19, -1, 0, -1, 22, 5, 11, 22, -1, 4, 5, -1, 7, 18, 22, 15, 0, -1, 16, 5, 22, 28, 10, 18, 23, 0, -3, -1, 56, 25, -1, 23, 25, 2, 3, 18, 16, 23, 3, 10, 5, 16, 24, 5, -1, 5, 16, 3, 18, 16, 24, 22, 19, -1, 25, 16, 0, -1, 23, 0, 14, 10, 4, 0, -1, 7, 1, 3, 10, 14, -1, 20, 0, 22, 0, -1, 25, 16, -1, 5, 28, 5, 16, 24, 18, -1, 5, 23, 24, 22, 5, 23, 0, 16, 24, 5, -4, -1, 31, -1, 6, 14, -1, 16, 18, -1, 20, 25, 4, 18, -1, 3, 18, 16, 24, 22, 18, 14, 0, 22, 23, 5, -3, -1, 42, 38, 55, 51, 43, 49, -1, 0, 2, 22, 10, 19, -1, 14, 10, 8, 5, 22, 0, 15, 5, 16, 24, 5, -1, 14, 18, 23, -1, 18, 12, 18, 23, -4, -1, 23, 18, 22, 20, 22, 5, 16, 4, 10, 4, 0, -4, -1, 20, 0, 22, 0, -1, 4, 5, 23, 20, 25, 6, 23, -1, 4, 0, 22, -1, 25, 16, -1, 14, 10, 8, 5, 22, 18, -1, 23, 25, 23, 20, 10, 22, 18, -3]

[42, 38, 55, 51, 43, 49, -13, -1, 51, -6, 18, 13, -4, -1, 28, 0, 15, 18, 23, -4, -1, -10, 33, 14, -1, 14, 25, 8, 0, 22, -1, 4, 5, -1, 23, 10, 5, 15, 20, 22, 5, -9]
[53, 55, 51, 57, 33, -13, -1, 53, -6, 53, 18, 22, -1, 23, 25, 20, 25, 5, 23, 24, 18, -3]

[-7, 54, 25, 6, -1, 10, 15, 2, 6, 3, 10, 14, -4, -1, -10, 36, 19, 15, 18, -1, 23, 5, -1, 15, 5, -1, 18, 3, 25, 22, 22, 5, -1, 0, 3, 5, 20, 24, 0, 22, -1, 24, 0, 14, -1, 3, 18, 23, 0, -1, 5, 16, -1, 5, 23, 24, 5, -1, 15, 18, 15, 5, 16, 24, 18, -9, -7, -4, -1, 53, 55, 51, 57, 33, -1, 20, 5, 16, 23, 19, -3, -1, 33, 15, 2, 18, 23, -1, 3, 18, 15, 5, 16, 32, 0, 22, 18, 16, -1, 0, -1, 3, 0, 15, 10, 16, 0, 22, -4, -1, 0, 2, 0, 16, 4, 18, 16, 0, 4, 18, -1, 25, 16, -1, 3, 0, 23, 10, -1, 4, 5, 23, 18, 14, 0, 4, 18, -4, -1, 31, -1, 21, 25, 10, 32, 1, 23, -1, 25, 16, -1, 24, 0, 16, 24, 18, -1, 22, 18, 15, 1, 16, 24, 10, 3, 18, -4, -1, 14, 25, 8, 0, 22, -3]

[42, 38, 55, 51, 43, 49, -1, 5, 23, 24, 0, 2, 0, -1, 3, 0, 15, 10, 16, 0, 16, 4, 18, -1, 25, 16, -1, 20, 0, 22, -1, 4, 5, -1, 20, 0, 23, 18, 23, -1, 0, 4, 5, 14, 0, 16, 24, 5, -1, 4, 5, -1, 53, 55, 51, 57, 33, -4, -1, 0, -1, 25, 16, -1, 22, 10, 24, 15, 18, -1, 16, 18, 22, 15, 0, 14, -3, -1, 53, 18, 22, -1, 15, 1, 23, -1, 4, 10, 23, 24, 0, 16, 3, 10, 0, -1, 0, 28, 0, 16, 32, 0, 4, 0, -4, -1, 20, 18, 22, -1, 15, 1, 23, -1, 24, 10, 5, 15, 20, 18, -1, 21, 25, 5, -1, 20, 0, 23, 0, 2, 0, -1, 15, 10, 5, 16, 24, 22, 0, 23, -1, 3, 0, 15, 10, 16, 0, 2, 0, 16, -4, -1, 14, 0, -1, 3, 9, 10, 3, 0, -1, 16, 18, -1, 28, 18, 14, 24, 5, 0, 2, 0, -1, 20, 0, 22, 0, -1, 28, 5, 22, -1, 0, -1, 23, 25, -1, 0, 15, 10, 8, 18, -5, -1, 16, 10, -1, 25, 16, 0, -1, 20, 0, 14, 0, 2, 22, 0, -1, 23, 0, 14, 11, 0, -1, 4, 5, -1, 23, 25, -1, 2, 18, 3, 0, -3, -1, -7, -10, 38, 23, 24, 1, -1, 5, 16, 18, 12, 0, 4, 0, -9, -1, -10, 54, 25, 6, -1, 4, 5, 2, 5, 22, 11, 0, -1, 9, 0, 3, 5, 22, -9, -7, -4, -1, 20, 5, 16, 23, 19, -1, 53, 55, 51, 57, 33, -3]

[-16, 38, 14, 10, 8, 5, -1, 25, 16, 0, -1, 18, 20, 3, 10, 19, 16, -13]
[-15, 0, -14, -1, 53, 22, 5, 8, 25, 16, 24, 0, 22, -1, 21, 25, 6, -1, 14, 5, -1, 20, 0, 23, 0]
[-15, 2, -14, -1, 49, 18, -1, 4, 5, 3, 10, 22, -1, 16, 0, 4, 0]
