[53, 55, 51, 57, 33, -13, -1, 42, 38, 55, 51, 43, 49, -4, -1, -10, 33, 14, 8, 18, -1, 24, 5, -1, 20, 0, 23, 0, -9, -1, 38, 23, 24, 1, 23, -1, 15, 25, 31, -1, 23, 5, 22, 10, 0, -3]
[42, 38, 55, 51, 43, 49, -13, -1, 49, 18, -4, -1, 20, 0, 22, 0, -1, 16, 0, 4, 0, -3, -1, 38, 23, 24, 18, 31, -1, 16, 18, 22, 15, 0, 14, -3]

[53, 55, 51, 57, 33, -1, 16, 18, -1, 20, 18, 4, 11, 0, -1, 3, 22, 5, 5, 22, -1, 5, 16, -1, 14, 0, 23, -1, 20, 0, 14, 0, 2, 22, 0, 23, -1, 4, 5, -1, 42, 38, 55, 51, 43, 49, -3]

[53, 55, 51, 57, 33, -13, -1, 61, 0, 15, 18, 23, -1, 42, 38, 55, 51, 43, 49, -4, -1, 16, 18, -1, 23, 18, 31, -1, 24, 0, 16, -1, 4, 5, 16, 23, 18, -1, 3, 18, 15, 18, -1, 20, 0, 22, 0, -1, 16, 18, -1, 16, 18, 24, 0, 22, -1, 21, 25, 5, -1, 5, 23, 24, 1, 23, -1, 15, 18, 14, 5, 23, 24, 0, -1, 20, 18, 22, -1, 0, 14, 8, 18, -3, -1, 43, 16, 3, 14, 25, 23, 18, -1, 15, 5, -1, 9, 0, 23, -1, 3, 18, 16, 24, 5, 23, 24, 0, 4, 18, -1, 15, 0, 14, -3]
[42, 38, 55, 51, 43, 49, -13, -1, 57, 5, -1, 10, 15, 0, 8, 10, 16, 0, 23, -1, 3, 18, 23, 0, 23, -3]
[53, 55, 51, 57, 33, -13, -1, 64, 18, -1, 16, 18, -3, -3, -3, -1, -16, 25, 7, -16, -3, -3, -3, -1, 56, 10, -1, 24, 5, -1, 21, 25, 5, 4, 0, 23, -1, 3, 0, 14, 14, 0, 4, 0, -4, -1, 15, 5, -1, 4, 5, 12, 0, 23, -1, 5, 16, -1, 25, 16, 0, -1, 23, 10, 24, 25, 0, 3, 10, 19, 16, -1, 15, 25, 31, -1, 10, 16, 3, 19, 15, 18, 4, 0, -3, -1, 33, 23, 11, -1, 16, 18, -1, 20, 18, 4, 22, 6, -1, 23, 0, 2, 5, 22, -1, 3, 18, 15, 18, -1, 24, 5, -1, 23, 10, 5, 16, 24, 5, 23, -3]

[53, 55, 51, 57, 33, -1, 23, 5, -1, 23, 18, 22, 20, 22, 5, 16, 4, 10, 19, -1, 0, 14, -1, 5, 23, 3, 25, 3, 9, 0, 22, 23, 5, -1, 9, 0, 2, 14, 0, 16, 4, 18, -1, 5, 16, -1, 25, 16, -1, 24, 18, 4, 18, -1, 2, 0, 23, 24, 0, 16, 24, 5, -1, 7, 25, 5, 22, 24, 5, -3, -1, 49, 25, 16, 3, 0, -1, 14, 18, -1, 9, 0, 2, 11, 0, -1, 9, 5, 3, 9, 18, -1, 3, 18, 16, -1, 42, 38, 55, 51, 43, 49, -3]

[42, 38, 55, 51, 43, 49, -1, -15, 23, 25, 23, 25, 22, 22, 0, 16, 4, 18, -14, -13, -1, -16, -10, 49, 18, -1, 24, 5, -1, 15, 18, 22, 4, 10, 23, 24, 5, -1, 14, 0, -1, 14, 5, 16, 8, 25, 0, -9, -16, -3]
[53, 55, 51, 57, 33, -13, -1, -12, 57, 5, -1, 5, 23, 3, 25, 3, 9, 6, -11, -1, -12, -10, 53, 18, 22, -1, 21, 25, 6, -1, 16, 18, -1, 15, 5, -1, 14, 18, -1, 4, 10, 3, 5, 23, -1, 4, 10, 22, 5, 3, 24, 0, 15, 5, 16, 24, 5, -9, -11]
[42, 38, 55, 51, 43, 49, -13, -1, -12, 38, 23, 24, 1, 23, -1, 20, 5, 22, 18, -1, 2, 10, 5, 16, -1, 20, 5, 16, 4, 5, 12, 18, -11, -1, -12, 53, 22, 10, 15, 5, 22, 18, -1, 15, 5, -1, 4, 10, 3, 5, 23, -1, 15, 25, 31, -1, 23, 5, 22, 10, 18, -1, 21, 25, 5, -1, 24, 10, 5, 16, 5, 23, -1, 21, 25, 5, -1, 4, 5, 3, 10, 22, 15, 5, -1, 0, 14, 8, 18, -1, 31, -1, 14, 25, 5, 8, 18, -1, 24, 5, -1, 0, 3, 18, 2, 0, 22, 4, 0, 23, -11, -1, -12, 57, 5, 16, 8, 18, -1, 22, 0, 32, 18, 16, 5, 23, -1, 20, 0, 22, 0, -1, 5, 23, 24, 0, 22, -1, 15, 18, 14, 5, 23, 24, 0, -11]

[38, 16, -1, 25, 16, -1, 10, 16, 23, 24, 0, 16, 24, 5, -4, -1, 53, 55, 51, 57, 33, -1, 31, -1, 42, 38, 55, 51, 43, 49, -1, 3, 18, 15, 5, 16, 32, 0, 22, 18, 16, -1, 0, -1, 20, 5, 14, 5, 0, 22, -3, -1, 47, 0, -1, 8, 5, 16, 24, 5, -1, 21, 25, 5, -1, 14, 18, 23, -1, 28, 5, 11, 0, 16, -1, 0, 20, 0, 22, 24, 0, 2, 0, 16, -1, 14, 0, -1, 15, 10, 22, 0, 4, 0, -1, 4, 5, -1, 10, 16, 15, 5, 4, 10, 0, 24, 18, -3, -1, 43, 16, 3, 14, 25, 23, 18, -1, 25, 16, -1, 20, 22, 18, 7, 5, 23, 18, 22, -1, 21, 25, 5, -1, 10, 15, 20, 0, 22, 24, 11, 0, -1, 3, 14, 0, 23, 5, 23, -1, 5, 16, -1, 25, 16, -1, 0, 25, 14, 0, -1, 3, 5, 22, 3, 0, 16, 0, -4, -1, 4, 5, 23, 10, 23, 24, 10, 19, -1, 4, 5, -1, 23, 25, 23, -1, 10, 16, 24, 5, 16, 3, 10, 18, 16, 5, 23, -1, 4, 5, -1, 3, 0, 14, 14, 0, 22, 14, 18, 23, -3, -1, 42, 38, 55, 51, 43, 49, -1, 9, 0, 2, 11, 0, -1, 5, 23, 24, 0, 14, 14, 0, 4, 18, -1, 31, -1, 22, 5, 23, 20, 10, 22, 0, 2, 0, -1, 20, 5, 23, 0, 4, 0, 15, 5, 16, 24, 5, -4, -1, 15, 10, 5, 16, 24, 22, 0, 23, -1, 53, 55, 51, 57, 33, -1, 3, 18, 15, 5, 16, 32, 0, 2, 0, -1, 0, -1, 24, 5, 15, 2, 14, 0, 22, -1, 14, 10, 8, 5, 22, 0, 15, 5, 16, 24, 5, -1, 0, 16, 24, 5, -1, 14, 0, -1, 0, 3, 25, 23, 0, 3, 10, 19, 16, -1, 4, 5, -1, 42, 38, 55, 51, 43, 49, -3]

[53, 55, 51, 57, 33, -13, -1, 38, 23, -1, 21, 25, 5, -3, -3, -3, -1, 16, 18, -1, 5, 23, -1, 7, 1, 3, 10, 14, -3]
[42, 38, 55, 51, 43, 49, -13, -1, -12, -10, 54, 25, 6, -1, 3, 9, 10, 16, 8, 0, 4, 18, 23, -1, 16, 18, -1, 5, 23, -1, 7, 1, 3, 10, 14, -9, -11, -1, -12, 56, 11, -1, 23, 0, 2, 10, 0, 23, -1, 21, 25, 5, -1, 16, 18, -1, 20, 18, 4, 22, 11, 0, 23, -4, -1, 16, 18, -1, 15, 5, -1, 9, 25, 2, 10, 5, 22, 0, 23, -1, 3, 10, 24, 0, 4, 18, -1, 4, 5, -1, 5, 23, 0, -1, 7, 18, 22, 15, 0, -11]
[53, 55, 51, 57, 33, -13, -1, 38, 23, -1, 21, 25, 5, -1, 31, 18, -3, -3, -3, -1, 31, 18, -3, -3, -3]
[42, 38, 55, 51, 43, 49, -13, -1, -12, 53, 25, 24, 0, -1, 15, 0, 4, 22, 5, -11, -1, -12, 36, 18, 15, 18, -1, 15, 5, -1, 10, 22, 22, 10, 24, 0, 23, -1, 53, 55, 51, 57, 33, -11, -1, -12, 48, 5, 12, 18, 22, -1, 15, 5, -1, 28, 18, 31, -1, 0, -1, 3, 0, 23, 0, -11]

[42, 38, 55, 51, 43, 49, -1, 8, 18, 14, 20, 5, 19, -1, 5, 14, -1, 23, 25, 5, 14, 18, -1, 3, 18, 16, -1, 23, 25, -1, 20, 10, 5, -1, 4, 5, 22, 5, 3, 9, 18, -4, -1, 31, -1, 0, 14, -1, 4, 0, 22, -1, 15, 5, 4, 10, 0, -1, 28, 25, 5, 14, 24, 0, -4, -1, 3, 18, 15, 5, 16, 32, 19, -1, 0, -1, 15, 0, 22, 3, 9, 0, 22, 23, 5, -1, 0, -1, 20, 0, 23, 18, -1, 28, 5, 14, 18, 32, -3, -1, 53, 55, 51, 57, 33, -1, 5, 23, 24, 0, 2, 0, -1, 0, 23, 25, 23, 24, 0, 4, 18, -4, -1, 24, 0, 16, 24, 18, -1, 20, 18, 22, -1, 14, 0, -1, 23, 10, 24, 25, 0, 3, 10, 19, 16, -1, 3, 18, 15, 18, -1, 20, 18, 22, -1, 14, 18, 23, -1, 8, 22, 10, 24, 18, 23, -1, 4, 5, -1, 23, 25, -1, 0, 15, 0, 4, 0, -1, 42, 38, 55, 51, 43, 49, -3, -1, 54, 25, 5, 22, 11, 0, -1, 4, 5, 3, 10, 22, 14, 5, -1, 14, 18, -1, 21, 25, 5, -1, 23, 5, 16, 24, 11, 0, -4, -1, 20, 5, 22, 18, -1, 16, 18, -1, 20, 18, 4, 11, 0, -1, 5, 28, 10, 24, 0, 22, -1, 24, 0, 22, 24, 0, 15, 25, 4, 5, 0, 22, -5, -1, 5, 22, 0, -1, 14, 0, -1, 20, 22, 10, 15, 5, 22, 0, -1, 28, 5, 32, -1, 21, 25, 5, -1, 23, 5, -1, 4, 5, 3, 14, 0, 22, 0, 2, 0, -1, 0, -1, 0, 14, 8, 25, 10, 5, 16, -3]

[47, 0, -1, 3, 9, 10, 3, 0, -1, 3, 0, 4, 0, -1, 28, 5, 32, -1, 23, 5, -1, 28, 5, 11, 0, -1, 15, 1, 23, -1, 14, 5, 12, 18, 23, -1, 4, 5, -1, 6, 14, -4, -1, 31, -1, 53, 55, 51, 57, 33, -1, 23, 5, 16, 24, 11, 0, -1, 21, 25, 5, -1, 23, 5, -1, 24, 22, 0, 24, 0, 2, 0, -1, 16, 18, -1, 23, 18, 14, 18, -1, 4, 5, -1, 4, 10, 23, 24, 0, 16, 3, 10, 0, -13, -1, 38, 14, -1, 24, 5, 15, 2, 14, 18, 22, 18, 23, 18, -1, 3, 9, 10, 3, 18, -1, 20, 5, 22, 3, 10, 2, 11, 0, -1, 21, 25, 5, -1, 25, 16, 0, -1, 15, 0, 8, 16, 10, 24, 25, 4, -1, 15, 5, 16, 18, 23, -1, 15, 5, 16, 23, 25, 22, 0, 2, 14, 5, -4, -1, 15, 5, 16, 18, 23, -1, 7, 11, 23, 10, 3, 0, -4, -1, 3, 22, 5, 3, 11, 0, -1, 0, -1, 3, 0, 4, 0, -1, 20, 0, 23, 18, -1, 21, 25, 5, -1, 4, 0, 2, 0, -1, 42, 38, 55, 51, 43, 49, -3, -1, -7, 56, 10, -1, 16, 18, -1, 9, 0, 8, 18, -1, 0, 14, 8, 18, -1, 0, 9, 18, 22, 0, -4, -1, 16, 18, -1, 20, 18, 4, 22, 6, -1, 0, 22, 22, 5, 8, 14, 0, 22, 14, 18, -1, 4, 5, 23, 20, 25, 6, 23, -7, -4, -1, 20, 5, 16, 23, 19, -1, 53, 55, 51, 57, 33, -3]

[33, -1, 3, 0, 4, 0, -1, 23, 5, 8, 25, 16, 4, 18, -1, 21, 25, 5, -1, 20, 0, 23, 0, 2, 0, -4, -1, 5, 14, -1, 15, 10, 5, 4, 18, -1, 31, -1, 14, 0, -1, 28, 5, 22, 8, 27, 5, 16, 32, 0, -1, 21, 25, 5, -1, 23, 5, 16, 24, 11, 0, -1, 20, 18, 22, -1, 4, 5, 3, 14, 0, 22, 0, 22, 23, 5, -4, -1, 20, 0, 14, 10, 4, 5, 3, 11, 0, -1, 0, -1, 14, 0, -1, 5, 30, 20, 5, 3, 24, 0, 24, 10, 28, 0, -1, 4, 5, -1, 25, 16, 0, -1, 4, 10, 23, 24, 0, 16, 3, 10, 0, -1, 3, 0, 4, 0, -1, 28, 5, 32, -1, 15, 1, 23, -1, 20, 22, 18, 16, 25, 16, 3, 10, 0, 4, 0, -1, 5, 16, 24, 22, 5, -1, 42, 38, 55, 51, 43, 49, -1, 31, -1, 6, 14, -3, -1, 56, 5, 16, 24, 11, 0, -1, 3, 18, 15, 18, -1, 14, 0, 23, -1, 14, 1, 8, 22, 10, 15, 0, 23, -1, 23, 5, -1, 0, 23, 18, 15, 0, 2, 0, 16, -1, 20, 18, 22, -1, 23, 25, 23, -1, 20, 1, 22, 20, 0, 4, 18, 23, -4, -1, 31, -1, 3, 18, 15, 18, -1, 5, 14, -1, 20, 5, 3, 9, 18, -1, 3, 18, 15, 5, 16, 32, 0, 2, 0, -1, 0, -1, 4, 18, 14, 5, 22, -1, 3, 0, 23, 10, -1, 14, 10, 23, 24, 18, -1, 20, 0, 22, 0, -1, 5, 23, 24, 0, 14, 14, 0, 22, -3, -1, -7, -10, 38, 23, 24, 5, -1, 5, 23, -1, 5, 14, -1, 0, 4, 10, 19, 23, -4, -1, 42, 38, 55, 51, 43, 49, -9, -7]

[53, 55, 51, 57, 33, -13, -1, -12, -12, 49, 18, -11, -11]

[36, 18, 16, -1, 5, 23, 24, 5, -1, 8, 22, 10, 24, 18, -4, -1, 53, 55, 51, 57, 33, -1, 0, 16, 25, 16, 3, 10, 19, -1, 21, 25, 5, -1, 16, 18, -1, 5, 23, 24, 0, 2, 0, -1, 14, 10, 23, 24, 18, -1, 20, 0, 22, 0, -1, 22, 5, 16, 25, 16, 3, 10, 0, 22, -1, 0, -1, 42, 38, 55, 51, 43, 49, -3, -1, 36, 18, 15, 5, 16, 32, 19, -1, 0, -1, 3, 18, 22, 22, 5, 22, -1, 0, -1, 24, 18, 4, 0, -1, 28, 5, 14, 18, 3, 10, 4, 0, 4, -1, 24, 22, 0, 23, -1, 14, 0, -1, 3, 9, 10, 3, 0, -4, -1, 10, 16, 24, 5, 16, 24, 0, 16, 4, 18, -1, 16, 18, -1, 20, 5, 22, 4, 5, 22, 14, 0, -1, 4, 5, -1, 28, 10, 23, 24, 0, -3, -1, -7, 56, 11, -1, 14, 0, -1, 20, 10, 5, 22, 4, 18, -1, 4, 5, -1, 28, 10, 23, 24, 0, -4, -1, 23, 5, 22, 1, -1, 5, 14, -1, 7, 10, 16, -7, -4, -1, 3, 18, 16, -1, 5, 23, 0, -1, 10, 4, 5, 0, -1, 5, 16, -1, 15, 5, 16, 24, 5, -1, 15, 0, 16, 24, 25, 28, 18, -1, 14, 0, -1, 15, 10, 22, 0, 4, 0, -1, 5, 16, -1, 5, 16, -1, 7, 22, 5, 16, 24, 5, -4, -1, 5, 16, -1, 14, 0, -1, 4, 10, 23, 24, 0, 16, 24, 5, -1, 42, 38, 55, 51, 43, 49, -3]

[53, 55, 51, 57, 33, -13, -1, -12, 36, 18, 16, -1, 20, 5, 22, 15, 10, 23, 18, -11, -3, -3, -3, -1, -1, -12, 53, 5, 22, 4, 19, 16, -11, -3, -3, -3, -1, -12, 47, 18, -1, 23, 10, 5, 16, 24, 18, -11]

[47, 0, -1, 8, 5, 16, 24, 5, -1, 2, 22, 10, 16, 3, 0, 2, 0, -1, 0, -1, 25, 16, -1, 14, 0, 4, 18, -1, 31, -1, 0, -1, 18, 24, 22, 18, -4, -1, 3, 18, 16, -1, 24, 0, 14, -1, 4, 5, -1, 16, 18, -1, 23, 5, 22, -1, 0, 22, 22, 18, 14, 14, 0, 4, 18, 23, -1, 20, 18, 22, -1, 25, 16, -1, 10, 16, 3, 18, 16, 23, 3, 10, 5, 16, 24, 5, -1, 53, 55, 51, 57, 33, -3, -1, 41, 22, 10, 24, 18, 23, -1, 15, 18, 14, 5, 23, 24, 18, 23, -1, 22, 5, 23, 18, 16, 0, 2, 0, 16, -1, 0, -1, 23, 25, 23, -1, 5, 23, 20, 0, 14, 4, 0, 23, -4, -1, 31, -1, 5, 14, -1, 3, 9, 10, 3, 18, -1, 16, 18, -1, 20, 18, 4, 11, 0, -1, 9, 0, 3, 5, -1, 16, 0, 4, 0, -1, 15, 1, 23, -1, 21, 25, 5, -1, 4, 10, 23, 3, 25, 14, 20, 0, 22, 23, 5, -1, 31, -1, 23, 5, 8, 25, 10, 22, -1, 3, 18, 22, 22, 10, 5, 16, 4, 18, -3, -1, 57, 5, 16, 11, 0, -1, 21, 25, 5, -1, 0, 14, 3, 0, 16, 32, 0, 22, -1, 0, -1, 14, 0, -1, 15, 25, 12, 5, 22, -1, 21, 25, 5, -1, 0, 15, 0, 2, 0, -1, 31, -1, 0, -1, 23, 25, -1, 15, 5, 12, 18, 22, -1, 0, 15, 10, 8, 0, -4, -1, 18, -1, 23, 10, -1, 16, 18, -1, 14, 0, -1, 20, 5, 22, 4, 5, 22, 11, 0, -1, 20, 0, 22, 0, -1, 23, 10, 5, 15, 20, 22, 5, -3]

[-6, -6, -6]

[47, 0, -1, 23, 10, 14, 25, 5, 24, 0, -1, 4, 5, -1, 42, 38, 55, 51, 43, 49, -1, 23, 5, -1, 0, 8, 22, 0, 16, 4, 0, 2, 0, -1, 0, -1, 3, 0, 4, 0, -1, 22, 5, 23, 20, 10, 22, 0, 3, 10, 19, 16, -1, 21, 25, 5, -1, 53, 55, 51, 57, 33, -1, 4, 0, 2, 0, -3, -1, 53, 22, 18, 16, 24, 18, -1, 14, 0, -1, 0, 14, 3, 0, 16, 32, 0, 22, 11, 0, -3, -1, 56, 25, 23, -1, 20, 10, 5, 22, 16, 0, 23, -1, 3, 18, 15, 5, 16, 32, 0, 2, 0, 16, -1, 0, -1, 23, 5, 16, 24, 10, 22, 23, 5, -1, 0, 3, 0, 14, 0, 15, 2, 22, 0, 4, 0, 23, -4, -1, 23, 25, -1, 3, 0, 15, 10, 23, 0, -1, 5, 23, 24, 0, 2, 0, -1, 14, 14, 5, 16, 0, -1, 4, 5, -1, 23, 25, 4, 18, 22, -1, 31, -1, 0, -1, 23, 25, -1, 20, 5, 3, 9, 18, -1, 14, 5, -1, 3, 18, 15, 5, 16, 32, 0, 2, 0, -1, 0, -1, 7, 0, 14, 24, 0, 22, -1, 0, 10, 22, 5, -3, -1, -7, 57, -6, 24, 5, 16, 8, 18, -1, 21, 25, 5, -1, 0, 14, 3, 0, 16, 32, 0, 22, 14, 0, -7, -4, -1, 20, 5, 16, 23, 19, -3]

[58, 16, 18, 23, -1, 10, 16, 23, 24, 0, 16, 24, 5, 23, -1, 4, 5, 23, 20, 25, 6, 23, -4, -1, 24, 10, 5, 15, 20, 18, -1, 21, 25, 5, -1, 0, -1, 53, 55, 51, 57, 33, -1, 14, 5, -1, 20, 0, 22, 5, 3, 10, 19, -1, 25, 16, 0, -1, 5, 24, 5, 22, 16, 10, 4, 0, 4, -4, -1, 20, 25, 4, 18, -1, 0, 14, 3, 0, 16, 32, 0, 22, -1, 14, 0, -1, 5, 23, 20, 0, 14, 4, 0, -1, 4, 5, -1, 23, 25, -1, 0, 15, 0, 4, 0, -3, -1, 36, 18, 16, -1, 23, 25, 23, -1, 2, 22, 0, 32, 18, 23, -1, 23, 25, 4, 18, 22, 18, 23, 18, 23, -1, 31, -1, 14, 0, -1, 22, 5, 23, 20, 10, 22, 0, 3, 10, 19, 16, -1, 20, 5, 23, 0, 4, 0, -4, -1, 23, 5, -1, 20, 22, 5, 16, 4, 10, 19, -1, 4, 5, 14, -1, 3, 25, 5, 22, 20, 18, -1, 4, 5, -1, 42, 38, 55, 51, 43, 49, -4, -1, 0, 2, 22, 0, 32, 1, 16, 4, 18, 14, 0, -1, 20, 18, 22, -1, 14, 0, -1, 5, 23, 20, 0, 14, 4, 0, -1, 20, 0, 22, 0, -1, 5, 28, 10, 24, 0, 22, -1, 21, 25, 5, -1, 23, 5, -1, 14, 5, -1, 28, 18, 14, 28, 10, 5, 22, 0, -1, 5, 23, 3, 0, 20, 0, 22, -3, -1, 33, 23, 11, -4, -1, 3, 18, 16, -1, 25, 16, -1, 2, 22, 0, 32, 18, -1, 23, 18, 23, 24, 5, 16, 10, 5, 16, 4, 18, -1, 23, 25, -1, 3, 25, 5, 22, 20, 18, -1, 0, -1, 14, 0, -1, 0, 14, 24, 25, 22, 0, -1, 4, 5, -1, 23, 25, 23, -1, 9, 18, 15, 2, 22, 18, 23, -4, -1, 31, -1, 18, 24, 22, 18, -1, 0, -1, 14, 0, -1, 0, 14, 24, 25, 22, 0, -1, 4, 5, -1, 14, 0, -1, 3, 10, 16, 24, 25, 22, 0, -4, -1, 0, 15, 2, 18, 23, -1, 3, 25, 5, 22, 20, 18, 23, -1, 23, 5, -1, 7, 25, 16, 4, 10, 5, 22, 18, 16, -1, 5, 16, -1, 25, 16, 18, -1, 23, 18, 14, 18, -3]

[37, 5, -1, 25, 16, -1, 15, 18, 15, 5, 16, 24, 18, -1, 0, -1, 18, 24, 22, 18, -4, -1, 23, 10, 16, -1, 23, 18, 14, 24, 0, 22, -1, 5, 14, -1, 3, 25, 5, 22, 20, 18, -1, 4, 5, -1, 3, 25, 5, 22, 20, 18, -1, 4, 5, -1, 42, 38, 55, 51, 43, 49, -4, -1, 53, 55, 51, 57, 33, -1, 3, 18, 15, 5, 16, 32, 19, -1, 0, -1, 14, 14, 18, 22, 0, 22, -3, -1, 64, 0, -1, 16, 25, 16, 3, 0, -1, 15, 1, 23, -1, 14, 0, -1, 23, 18, 14, 24, 0, 22, 11, 0, -3]

[42, 38, 55, 51, 43, 49, -13, -1, -12, 54, 25, 6, -1, 5, 23, 24, 1, 23, -1, 9, 0, 3, 10, 5, 16, 4, 18, -11, -1, -12, 56, 25, 5, 14, -3, -3, -3]
[53, 55, 51, 57, 33, -13, -1, -12, 57, 5, -1, 0, 15, 18, -11, -1, -12, 49, 18, -1, 21, 25, 10, 5, 22, 18, -1, 5, 23, 24, 0, 22, -1, 14, 5, 12, 18, 23, -1, 4, 5, -1, 24, 10, -11]

[33, 14, -1, 5, 23, 3, 25, 3, 9, 0, 22, -1, 5, 23, 0, 23, -1, 20, 0, 14, 0, 2, 22, 0, 23, -1, 42, 38, 55, 51, 43, 49, -1, 8, 10, 22, 19, -1, 23, 25, -1, 22, 18, 23, 24, 22, 18, -1, 14, 10, 8, 5, 22, 0, 15, 5, 16, 24, 5, -1, 31, -1, 15, 10, 22, 19, -1, 5, 14, -1, 22, 18, 23, 24, 22, 18, -1, 14, 14, 18, 22, 18, 23, 18, -1, 4, 5, -1, 53, 55, 51, 57, 33, -1, 21, 25, 5, -1, 23, 5, -1, 22, 5, 3, 0, 22, 8, 0, 2, 0, -1, 5, 16, -1, 23, 25, -1, 9, 18, 15, 2, 22, 18, -1, 10, 32, 21, 25, 10, 5, 22, 4, 18, -3, -1, 47, 0, 23, -1, 14, 0, 8, 22, 10, 15, 0, 23, -1, 4, 5, 14, -1, 3, 9, 10, 3, 18, -1, 15, 18, 12, 0, 2, 0, 16, -1, 23, 25, -1, 2, 14, 25, 23, 0, -3, -1, 47, 0, -1, 3, 9, 10, 3, 0, -1, 16, 18, -1, 20, 18, 4, 11, 0, -1, 3, 22, 5, 5, 22, -1, 14, 18, -1, 21, 25, 5, -1, 5, 23, 24, 0, 2, 0, -1, 28, 10, 5, 16, 4, 18, -3]

[42, 38, 55, 51, 43, 49, -13, -1, -10, 54, -6, 21, 25, 6, -1, 0, 3, 0, 2, 0, 23, -1, 4, 5, -1, 4, 5, 3, 10, 22, -9]
[53, 55, 51, 57, 33, -13, -1, 54, 25, 6, -1, 24, 5, -1, 21, 25, 10, 5, 22, 18, -3, -1, 54, 25, 6, -1, 24, 5, -1, 0, 15, 18, -3, -1, 53, 18, 22, -1, 5, 23, 18, -1, 24, 5, -1, 3, 10, 24, 5, -1, 9, 18, 31, -4, -1, 20, 18, 22, 21, 25, 5, -1, 21, 25, 5, 22, 11, 0, -1, 21, 25, 5, -1, 23, 25, 20, 10, 5, 22, 0, 23, -1, 15, 10, 23, -1, 23, 5, 16, 24, 10, 15, 10, 5, 16, 24, 18, 23, -1, 20, 18, 22, -1, 24, 10, -3, -1, 53, 5, 22, 18, -1, 5, 23, -1, 14, 0, -1, 20, 22, 10, 15, 5, 22, 0, -1, 28, 5, 32, -1, 21, 25, 5, -1, 14, 18, -1, 9, 0, 8, 18, -4, -1, 31, -1, 16, 18, -1, 20, 18, 4, 11, 0, -1, 3, 0, 14, 15, 0, 22, -1, 15, 10, 23, -1, 16, 5, 22, 28, 10, 18, 23, -3, -1, 57, 5, -1, 0, 15, 18, -1, 42, 38, 55, 51, 43, 49, -3]

[38, 14, -1, 0, 8, 0, 22, 22, 5, -1, 4, 5, -1, 53, 55, 51, 57, 33, -1, 23, 5, -1, 0, 7, 14, 18, 12, 19, -1, 25, 16, -1, 20, 18, 3, 18, -4, -1, 14, 18, -1, 21, 25, 5, -1, 42, 38, 55, 51, 43, 49, -1, 0, 20, 22, 18, 28, 5, 3, 9, 19, -1, 20, 0, 22, 0, -1, 8, 10, 22, 0, 22, -1, 23, 18, 2, 22, 5, -1, 23, 11, -1, 15, 10, 23, 15, 0, -1, 31, -1, 21, 25, 5, 4, 0, 22, -1, 3, 0, 22, 0, -1, 0, -1, 3, 0, 22, 0, -1, 3, 18, 16, -1, 5, 14, -1, 9, 18, 15, 2, 22, 5, -1, 21, 25, 5, -1, 14, 14, 18, 22, 0, 2, 0, -1, 20, 18, 22, -1, 5, 14, 14, 0, -3, -1, 56, 5, -1, 23, 5, 16, 24, 11, 0, -1, 10, 16, 15, 5, 16, 23, 0, 15, 5, 16, 24, 5, -1, 3, 25, 14, 20, 0, 2, 14, 5, -1, 20, 18, 22, -1, 9, 0, 2, 5, 22, -1, 18, 3, 0, 23, 10, 18, 16, 0, 4, 18, -1, 5, 23, 5, -1, 14, 0, 15, 5, 16, 24, 0, 2, 14, 5, -1, 22, 18, 23, 24, 22, 18, -1, 3, 18, 16, -1, 23, 25, 23, -1, 20, 22, 18, 20, 10, 0, 23, -1, 20, 0, 14, 0, 2, 22, 0, 23, -3, -1, 53, 5, 22, 18, -1, 23, 5, -1, 23, 5, 16, 24, 11, 0, -1, 0, 26, 16, -1, 20, 5, 18, 22, -1, 20, 18, 22, 21, 25, 5, -1, 5, 23, 0, -1, 15, 10, 23, 15, 0, -1, 14, 0, 15, 5, 16, 24, 0, 2, 14, 5, -1, 5, 23, 3, 5, 16, 0, -4, -1, 14, 0, -1, 9, 0, 3, 11, 0, -1, 15, 25, 31, -1, 7, 5, 14, 10, 32, -3, -1, 47, 0, 23, -1, 14, 1, 8, 22, 10, 15, 0, 23, -1, 3, 18, 15, 5, 16, 32, 0, 22, 18, 16, -1, 0, -1, 2, 22, 18, 24, 0, 22, -1, 24, 0, 15, 2, 10, 6, 16, -1, 4, 5, -1, 42, 38, 55, 51, 43, 49, -3]

[42, 38, 55, 51, 43, 49, -13, -1, -10, 53, 18, 22, -1, 21, 25, 5, -1, 24, 5, 16, 11, 0, -1, 21, 25, 5, -1, 0, 23, 11, -1, 53, 55, 51, 57, 33, -9, -1, 64, 0, -1, 5, 23, 24, 18, 31, -1, 14, 14, 18, 22, 0, 16, 4, 18, -1, 31, 18, -1, 24, 0, 15, 2, 10, 6, 16, -3, -1, 37, 18, 23, -1, 0, 17, 18, 23, -1, 5, 23, 20, 5, 22, 0, 16, 4, 18, -1, 5, 23, 24, 18, -4, -1, -10, 64, -1, 24, 5, 16, 11, 0, -1, 21, 25, 5, -1, 23, 5, 22, -1, 24, 0, 16, -1, 4, 22, 0, 15, 1, 24, 10, 3, 18, -9, -1, 49, 18, -1, 24, 10, 5, 16, 5, 23, -1, 22, 5, 15, 5, 4, 10, 18, -4, -1, 5, 23, 24, 1, 23, -1, 2, 10, 5, 16, -1, 20, 5, 16, 4, 5, 12, 18, -4, -1, 20, 5, 22, 18, -1, 0, 23, 11, -1, 24, 5, -1, 21, 25, 10, 5, 22, 18, -3, -1, 57, 0, 15, 2, 10, 6, 16, -1, 24, 5, -1, 0, 15, 18, -4, -1, 53, 55, 51, 57, 33, -3]

[64, -1, 0, 23, 11, -4, -1, 5, 16, -1, 7, 22, 5, 16, 24, 5, -1, 4, 5, -1, 3, 18, 15, 20, 0, 17, 5, 22, 18, 23, -1, 4, 5, -1, 7, 0, 3, 25, 14, 24, 0, 4, -4, -1, 0, 15, 2, 18, 23, -1, 23, 5, 14, 14, 0, 22, 18, 16, -1, 23, 25, 23, -1, 4, 5, 3, 14, 0, 22, 0, 3, 10, 18, 16, 5, 23, -1, 3, 18, 16, -1, 25, 16, -1, 14, 0, 22, 8, 18, -1, 2, 5, 23, 18, -3, -1, 33, 20, 14, 0, 25, 23, 18, 23, -1, 3, 18, 15, 5, 16, 32, 0, 22, 18, 16, -1, 0, -1, 22, 5, 23, 18, 16, 0, 22, -1, 20, 18, 22, -1, 24, 18, 4, 0, 23, -1, 20, 0, 22, 24, 5, 23, -4, -1, 23, 0, 3, 25, 4, 10, 5, 16, 4, 18, -1, 23, 25, 23, -1, 24, 11, 15, 20, 0, 16, 18, 23, -1, 4, 5, -1, 7, 18, 22, 15, 0, -1, 20, 5, 14, 10, 8, 22, 18, 23, 0, -3, -1, 47, 0, -1, 20, 0, 22, 5, 12, 0, -1, 9, 25, 31, 19, -1, 0, 14, -1, 4, 0, 22, 23, 5, -1, 3, 25, 5, 16, 24, 0, -1, 4, 5, -1, 14, 0, 23, -1, 15, 10, 22, 0, 4, 0, 23, -1, 31, -1, 14, 18, 23, -1, 8, 22, 10, 24, 18, 23, -1, 4, 5, -1, 0, 20, 18, 31, 18, -1, 4, 5, -1, 3, 18, 15, 20, 0, 17, 5, 22, 18, 23, -1, 31, -1, 4, 18, 3, 5, 16, 24, 5, 23, -3]

[53, 55, 51, 57, 33, -13, -1, 64, -3, -3, -3, -1, -10, 33, 9, 18, 22, 0, -1, 21, 25, 6, -9]
[42, 38, 55, 51, 43, 49, -13, -1, -12, 61, 0, 15, 18, 23, -1, 0, -1, 2, 22, 10, 16, 4, 0, 22, -1, 3, 18, 16, -1, 25, 16, 0, 23, -1, 2, 10, 5, 16, -1, 7, 22, 11, 0, 23, -11]

[-6, -6, -6]

[33, -1, 14, 0, -1, 15, 0, 17, 0, 16, 0, -1, 23, 10, 8, 25, 10, 5, 16, 24, 5, -4, -1, 42, 38, 55, 51, 43, 49, -1, 4, 5, 23, 20, 5, 22, 24, 19, -1, 24, 5, 15, 20, 22, 0, 16, 18, -1, 5, 16, -1, 23, 25, -1, 3, 25, 0, 22, 24, 18, -3, -1, 57, 5, 16, 11, 0, -1, 25, 16, 0, -1, 8, 22, 0, 16, -1, 22, 5, 23, 0, 3, 0, -4, -1, 20, 5, 22, 18, -1, 16, 18, -1, 14, 5, -1, 10, 15, 20, 18, 22, 24, 0, 2, 0, -3, -1, 47, 0, -1, 7, 5, 14, 10, 3, 10, 4, 0, 4, -1, 21, 25, 5, -1, 23, 5, 16, 24, 11, 0, -1, 0, 9, 18, 22, 0, -1, 15, 10, 23, 15, 18, -1, 23, 25, 20, 5, 22, 0, 2, 0, -1, 0, 14, -1, 4, 18, 14, 18, 22, -1, 4, 5, -1, 3, 0, 2, 5, 32, 0, -4, -1, 31, -1, 14, 0, 23, -1, 8, 0, 16, 0, 23, -1, 4, 5, -1, 28, 18, 15, 10, 24, 0, 22, -3, -1, 53, 18, 22, -1, 7, 10, 16, -1, 5, 14, -1, 3, 9, 10, 3, 18, -1, 21, 25, 5, -1, 24, 0, 16, 24, 18, -1, 0, 15, 0, 2, 0, -1, 23, 5, -1, 14, 5, -1, 9, 0, 2, 11, 0, -1, 4, 5, 3, 14, 0, 22, 0, 4, 18, -4, -1, 4, 5, 23, 20, 25, 6, 23, -1, 4, 5, -1, 24, 0, 16, 24, 18, -1, 24, 10, 5, 15, 20, 18, -3, -1, 53, 0, 22, 5, 3, 11, 0, -1, 21, 25, 5, -1, 5, 23, 24, 0, 2, 0, -1, 28, 10, 28, 10, 5, 16, 4, 18, -1, 5, 16, -1, 25, 16, -1, 3, 25, 5, 16, 24, 18, -1, 4, 5, -1, 7, 0, 16, 24, 0, 23, 11, 0, -5, -1, 31, 0, -1, 24, 5, 16, 11, 0, -1, 14, 0, 23, -1, 15, 5, 12, 10, 14, 14, 0, 23, -1, 22, 18, 12, 0, 23, -1, 4, 5, -1, 24, 0, 16, 24, 18, -1, 20, 5, 14, 14, 10, 32, 3, 18, -3]

[55, 5, 3, 18, 22, 4, 19, -1, 21, 25, 5, -1, 3, 25, 0, 16, 4, 18, -1, 53, 55, 51, 57, 33, -1, 14, 0, -1, 14, 14, 5, 28, 19, -1, 0, -1, 3, 0, 23, 0, -4, -1, 5, 14, 14, 0, -1, 23, 5, -1, 15, 18, 14, 5, 23, 24, 19, -1, 15, 25, 3, 9, 18, -1, 20, 18, 22, 21, 25, 5, -1, 21, 25, 5, 22, 11, 0, -1, 20, 0, 23, 0, 22, -1, 14, 0, -1, 16, 18, 3, 9, 5, -1, 3, 18, 16, -1, 6, 14, -4, -1, 20, 5, 22, 18, -1, 23, 25, -1, 16, 18, 28, 10, 18, -1, 23, 5, -1, 9, 0, 2, 11, 0, -1, 16, 5, 8, 0, 4, 18, -1, 3, 0, 24, 5, 8, 19, 22, 10, 3, 0, 15, 5, 16, 24, 5, -3, -1, -7, 33, 15, 0, 22, 11, 0, -1, 20, 0, 23, 0, 22, -1, 14, 0, -1, 16, 18, 3, 9, 5, -1, 3, 18, 16, 24, 10, 8, 18, -1, 42, 38, 55, 51, 43, 49, -4, -1, 5, 16, -1, 23, 5, 22, 10, 18, -4, -1, 20, 5, 22, 18, -1, 5, 16, -1, 24, 25, -1, 5, 23, 24, 0, 4, 18, -1, 0, 3, 24, 25, 0, 14, -1, 16, 18, -3, -1, 57, 18, 4, 18, -1, 0, -1, 23, 25, -1, 24, 10, 5, 15, 20, 18, -1, 20, 22, 5, 3, 10, 18, 23, 0, -3, -7, -1, 47, 5, -1, 4, 10, 12, 18, -4, -1, 4, 5, 23, 20, 10, 4, 10, 6, 16, 4, 18, 23, 5, -1, 3, 18, 16, -1, 25, 16, -1, 24, 10, 5, 22, 16, 18, -1, 2, 5, 23, 18, -1, 5, 16, -1, 23, 25, -1, 7, 22, 5, 16, 24, 5, -3]

[42, 38, 55, 51, 43, 49, -1, -15, 3, 18, 16, -1, 25, 16, 0, -1, 0, 14, 15, 18, 9, 0, 4, 0, -1, 5, 16, -1, 14, 0, -1, 3, 0, 22, 0, -14, -13, -1, -12, 38, 23, -1, 25, 16, -1, 3, 0, 2, 0, 14, 14, 5, 22, 18, -11]

[47, 0, -1, 0, 3, 24, 25, 0, 3, 10, 19, 16, -1, 4, 5, -1, 16, 10, 17, 0, -1, 3, 18, 14, 5, 8, 10, 0, 14, 0, -1, 4, 5, -1, 42, 38, 55, 51, 43, 49, -1, 7, 25, 5, -1, 10, 16, 24, 5, 22, 22, 25, 15, 20, 10, 4, 0, -1, 20, 18, 22, -1, 25, 16, -1, 23, 18, 16, 10, 4, 18, -1, 4, 5, -1, 23, 25, -1, 3, 5, 14, 25, 14, 0, 22, -3, -1, 56, 10, 16, -1, 20, 5, 22, 4, 5, 22, -1, 25, 16, -1, 23, 5, 8, 25, 16, 4, 18, -4, -1, 4, 10, 18, -1, 25, 16, -1, 23, 0, 14, 24, 18, -1, 20, 0, 22, 0, -1, 24, 18, 15, 0, 22, -1, 5, 14, -1, 0, 20, 0, 22, 0, 24, 18, -1, 4, 5, 14, -1, 2, 25, 22, 19, -1, 0, 14, -1, 3, 18, 23, 24, 0, 4, 18, -1, 4, 5, -1, 23, 25, -1, 3, 0, 15, 0, -4, -1, 0, 16, 24, 10, 3, 10, 20, 0, 16, 4, 18, -1, 5, 14, -1, 22, 5, 15, 10, 24, 5, 16, 24, 5, -1, 4, 5, 14, -1, 15, 5, 16, 23, 0, 12, 5, -1, 21, 25, 5, -1, 9, 0, 2, 11, 0, -1, 14, 14, 5, 8, 0, 4, 18, -3, -1, 36, 25, 0, 16, 4, 18, -1, 22, 5, 28, 10, 23, 19, -1, 14, 0, -1, 20, 0, 16, 24, 0, 14, 14, 0, -4, -1, 23, 25, -1, 5, 16, 18, 22, 15, 5, -1, 23, 18, 16, 22, 10, 23, 0, -1, 23, 5, -1, 23, 25, 0, 28, 10, 32, 19, -1, 0, -1, 25, 16, 0, -1, 14, 10, 8, 5, 22, 0, -4, -1, 20, 5, 22, 18, -1, 0, 15, 0, 2, 14, 5, -3, -1, 38, 22, 0, -1, 25, 16, -1, 15, 5, 16, 23, 0, 12, 5, -1, 21, 25, 5, -1, 23, 0, 2, 11, 0, -1, 21, 25, 5, -1, 14, 14, 5, 8, 0, 22, 11, 0, -3, -1, 58, 16, -1, 15, 5, 16, 23, 0, 12, 5, -1, 21, 25, 5, -1, 24, 5, 16, 11, 0, -1, 21, 25, 5, -1, 3, 18, 16, 24, 5, 23, 24, 0, 22, -3]

[-16, -1, 38, 30, 24, 22, 0, 17, 18, -13]
[42, 18, 14, 0, -4, -1, -10, 64, 0, -1, 9, 0, 23, -1, 20, 5, 16, 23, 0, 4, 18, -1, 14, 0, -1, 20, 22, 18, 20, 25, 5, 23, 24, 0, -1, 21, 25, 5, -1, 24, 5, -1, 9, 10, 3, 5, -9, -1, 49, 18, -1, 20, 25, 5, 4, 18, -1, 22, 5, 23, 10, 23, 24, 10, 22, -1, 14, 0, -1, 5, 23, 20, 5, 22, 0, -4, -1, 4, 10, 12, 10, 23, 24, 5, -1, 21, 25, 5, -1, 0, 16, 24, 5, 23, -1, 24, 5, 16, 11, 0, 23, -1, 21, 25, 5, -1, 0, 23, 5, 8, 25, 22, 0, 22, 24, 5, -1, 4, 5, -1, 0, 14, 8, 18, -3]
[-16, -1, 42, 38, 55, 51, 43, 49, -13]
[42, 18, 14, 0, -3, -1, 56, 11, -4, -1, 31, 0, -1, 14, 18, -1, 9, 5, -1, 20, 5, 16, 23, 0, 4, 18, -1, 15, 25, 31, -1, 2, 10, 5, 16, -3, -1, 48, 5, -1, 24, 5, 15, 18, -1, 21, 25, 5, -1, 16, 18, -1, 20, 25, 5, 4, 18, -1, 3, 18, 22, 22, 5, 23, 20, 18, 16, 4, 5, 22, 24, 5, -3, -1, 47, 18, -1, 23, 10, 5, 16, 24, 18, -3]


[40, 43, 49]


