[-7, 53, 0, 22, 5, 3, 5, -1, 15, 18, 14, 5, 23, 24, 0, -4, -1, 21, 25, 10, 32, 1, 23, -1, 23, 5, -1, 5, 16, 18, 12, 5, -1, 0, 25, 16, -1, 15, 1, 23, -1, 23, 10, -1, 14, 0, -1, 3, 25, 5, 23, 24, 10, 18, 16, 18, -7, -3, -1, 64, -1, 3, 18, 16, -1, 5, 23, 24, 5, -1, 20, 5, 16, 23, 0, 15, 10, 5, 16, 24, 18, -4, -1, 0, 15, 2, 18, 23, -1, 3, 9, 10, 3, 18, 23, -1, 5, 15, 20, 22, 5, 16, 4, 10, 5, 22, 18, 16, -1, 23, 25, -1, 3, 0, 15, 10, 16, 18, -1, 0, 14, -1, 23, 25, -1, 2, 0, 22, -1, 7, 0, 28, 18, 22, 10, 24, 18, -3]

[-3, -3, -3]

[47, 25, 5, 8, 18, -1, 4, 5, -1, 25, 16, 0, 23, -1, 3, 25, 0, 16, 24, 0, 23, -1, 3, 5, 22, 28, 5, 32, 0, 23, -4, -1, 0, 14, 8, 25, 16, 18, 23, -1, 15, 10, 14, 10, 14, 10, 24, 22, 18, 23, -1, 4, 5, -1, 0, 14, 3, 18, 9, 18, 14, -4, -1, 42, 38, 55, 51, 43, 49, -1, 3, 18, 15, 5, 16, 32, 19, -1, 0, -1, 23, 5, 22, -1, 24, 0, 16, -1, 0, 16, 10, 15, 0, 4, 0, -1, 3, 18, 15, 18, -1, 0, 16, 24, 5, 23, -3, -1, 64, 0, -1, 16, 18, -1, 9, 0, 2, 11, 0, -1, 22, 0, 23, 24, 22, 18, 23, -1, 4, 5, 14, -1, 23, 25, 20, 25, 5, 23, 24, 18, -1, 5, 16, 18, 12, 18, -1, 21, 25, 5, -1, 14, 0, -1, 10, 16, 28, 0, 4, 10, 19, -1, 15, 18, 15, 5, 16, 24, 18, 23, -1, 0, 16, 24, 5, 23, -4, -1, 31, -1, 53, 55, 51, 57, 33, -1, 23, 5, -1, 23, 5, 16, 24, 11, 0, -1, 23, 18, 22, 20, 22, 5, 16, 4, 5, 16, 24, 5, 15, 5, 16, 24, 5, -1, 0, 14, 10, 28, 10, 0, 4, 18, -3, -1, 49, 25, 16, 3, 0, -1, 23, 5, -1, 9, 0, 2, 11, 0, -1, 23, 5, 16, 24, 10, 4, 18, -1, 24, 0, 16, -1, 0, 23, 25, 23, 24, 0, 4, 18, -1, 4, 5, -1, 20, 5, 22, 4, 5, 22, -1, 0, -1, 0, 14, 8, 25, 10, 5, 16, -5, -1, 14, 0, -1, 0, 3, 24, 10, 24, 25, 4, -1, 21, 25, 5, -1, 14, 5, -1, 15, 18, 23, 24, 22, 19, -1, 42, 38, 55, 51, 43, 49, -1, 5, 22, 0, -1, 24, 18, 24, 0, 14, 15, 5, 16, 24, 5, -1, 16, 25, 5, 28, 0, -1, 20, 0, 22, 0, -1, 5, 14, -1, 15, 25, 3, 9, 0, 3, 9, 18, -3, -1, -7, 38, 23, 20, 5, 22, 18, -1, 16, 25, 16, 3, 0, -1, 28, 5, 22, 24, 5, -1, 0, 23, 11, -4, -1, 21, 25, 5, 22, 10, 4, 0, -1, 42, 38, 55, 51, 43, 49, -7, -4, -1, 4, 10, 12, 18, -1, 53, 55, 51, 57, 33, -1, 20, 0, 22, 0, -1, 23, 10, -1, 15, 10, 23, 15, 18, -4, -1, 20, 5, 22, 18, -1, 4, 5, 4, 10, 3, 0, 4, 18, -1, 0, -1, 14, 0, -1, 20, 5, 22, 23, 18, 16, 0, -1, 21, 25, 5, -1, 24, 5, 16, 10, 0, -1, 5, 16, -1, 7, 22, 5, 16, 24, 5, -3]

[42, 38, 55, 51, 43, 49, -13, -1, 38, 22, 5, 23, -3, -3, -3, -16, 2, 25, 22, 20, -16, -3, -3, -3, -1, 15, 10, -1, 15, 5, 12, 18, 22, -3, -3, -3, -16, 9, 10, 20, -16, -3, -3, -3, -1, 0, 15, 10, 8, 18, -3]
[53, 55, 51, 57, 33, -13, -1, 64, -1, 24, 26, -1, 14, 0, -1, 15, 11, 0, -3, -1, 64, -1, 5, 23, 20, 5, 22, 18, -1, 5, 23, 18, -1, 16, 25, 16, 3, 0, -1, 3, 0, 15, 2, 10, 5, -3]

[36, 18, 16, -1, 5, 23, 24, 5, -1, 20, 5, 21, 25, 5, 17, 18, -1, 10, 16, 24, 5, 22, 3, 0, 15, 2, 10, 18, -4, -1, 53, 55, 51, 57, 33, -1, 31, -1, 42, 38, 55, 51, 43, 49, -1, 9, 0, 2, 11, 0, 16, -1, 23, 5, 14, 14, 0, 4, 18, -1, 23, 25, -1, 4, 5, 23, 24, 10, 16, 18, -3]

[-3, -3, -3]

[33, -1, 14, 0, -1, 15, 0, 17, 0, 16, 0, -1, 23, 10, 8, 25, 10, 5, 16, 24, 5, -4, -1, 42, 38, 55, 51, 43, 49, -1, 4, 5, 23, 20, 5, 22, 24, 0, 2, 0, -1, 4, 5, -1, 25, 16, -1, 10, 16, 3, 19, 15, 18, 4, 18, -1, 23, 25, 5, 17, 18, -1, 23, 0, 3, 25, 4, 10, 4, 0, -1, 20, 18, 22, -1, 5, 14, -1, 23, 18, 16, 10, 4, 18, -1, 4, 5, -1, 23, 25, -1, 3, 5, 14, 25, 14, 0, 22, -3, -1, 47, 0, -1, 3, 9, 10, 3, 0, -1, 22, 5, 7, 25, 16, 7, 25, 17, 19, -4, -1, 15, 10, 5, 16, 24, 22, 0, 23, -1, 23, 25, 7, 22, 11, 0, -1, 4, 5, -1, 25, 16, -1, 8, 22, 0, 16, -1, 4, 18, 14, 18, 22, -1, 4, 5, -1, 3, 0, 2, 5, 32, 0, -3, -1, 57, 5, 16, 11, 0, -1, 8, 0, 16, 0, 23, -1, 4, 5, -1, 28, 18, 15, 10, 24, 0, 22, -4, -1, 31, -1, 20, 18, 22, -1, 23, 25, -1, 15, 5, 16, 24, 5, -1, 20, 0, 23, 19, -1, 14, 0, -1, 3, 14, 1, 23, 10, 3, 0, -1, 7, 22, 0, 23, 5, -1, -7, 49, 18, -1, 14, 18, -1, 28, 25, 5, 14, 28, 18, -1, 0, -1, 9, 0, 3, 5, 22, -7, -4, -1, 21, 25, 5, -1, 23, 10, 5, 15, 20, 22, 5, -1, 23, 0, 14, 10, 0, -1, 4, 5, -1, 23, 25, 23, -1, 14, 0, 2, 10, 18, 23, -1, 22, 18, 23, 0, 23, -1, 14, 0, -1, 15, 0, 17, 0, 16, 0, -1, 23, 10, 8, 25, 10, 5, 16, 24, 5, -1, 4, 5, -1, 9, 0, 2, 5, 22, -1, 23, 0, 14, 10, 4, 18, -1, 3, 18, 16, -1, 53, 55, 51, 57, 33, -1, 18, -1, 23, 25, 23, -1, 0, 15, 10, 8, 0, 23, -3, -1, 36, 18, 16, -1, 15, 25, 3, 9, 18, -1, 24, 22, 0, 2, 0, 12, 18, -4, -1, 24, 18, 15, 19, -1, 23, 25, -1, 3, 5, 14, 25, 14, 0, 22, -1, 4, 5, 14, -1, 2, 25, 22, 19, -1, 0, 14, -1, 14, 0, 4, 18, -1, 4, 5, -1, 23, 25, -1, 3, 0, 15, 0, -3]

[-7, 54, 25, 10, 5, 16, -1, 23, 5, 22, 1, -1, 0, -1, 5, 23, 24, 0, 23, -1, 9, 18, 22, 0, 23, -7, -4, -1, 20, 5, 16, 23, 19, -4, -1, 23, 10, 16, -1, 4, 0, 22, 23, 5, -1, 3, 25, 5, 16, 24, 0, -1, 21, 25, 5, -1, 31, 0, -1, 20, 0, 23, 0, 2, 0, 16, -1, 4, 5, -1, 14, 0, 23, -1, -25, -25, -1, 4, 5, -1, 14, 0, -1, 15, 0, 17, 0, 16, 0, -3]

[33, 14, -1, 28, 5, 22, -1, 14, 0, -1, 20, 0, 16, 24, 0, 14, 14, 0, -4, -1, 22, 5, 3, 18, 16, 18, 3, 10, 19, -1, 5, 14, -1, 16, 18, 15, 2, 22, 5, -1, 4, 5, 14, -1, 22, 5, 15, 10, 24, 5, 16, 24, 5, -1, 4, 5, -1, 25, 16, -1, 26, 16, 10, 3, 18, -1, 15, 5, 16, 23, 0, 12, 5, -1, 4, 5, -1, 24, 5, 30, 24, 18, -1, 5, 16, -1, 14, 0, 23, -1, 16, 18, 24, 10, 7, 10, 3, 0, 3, 10, 18, 16, 5, 23, -3, -1, 36, 18, 16, -1, 25, 16, -1, 23, 25, 23, 20, 10, 22, 18, -4, -1, 42, 38, 55, 51, 43, 49, -1, 0, 2, 22, 10, 19, -1, 14, 0, -1, 0, 20, 14, 10, 3, 0, 3, 10, 19, 16, -3]

[-16, -1, 38, 30, 24, 22, 0, 17, 18, -13]
[42, 18, 14, 0, -4, -1, -10, 64, 0, -1, 9, 0, 23, -1, 20, 5, 16, 23, 0, 4, 18, -1, 14, 0, -1, 20, 22, 18, 20, 25, 5, 23, 24, 0, -1, 21, 25, 5, -1, 24, 5, -1, 9, 10, 3, 5, -9, -1, 49, 18, -1, 20, 25, 5, 4, 18, -1, 22, 5, 23, 10, 23, 24, 10, 22, -1, 14, 0, -1, 5, 23, 20, 5, 22, 0, -4, -1, 4, 10, 12, 10, 23, 24, 5, -1, 21, 25, 5, -1, 0, 16, 24, 5, 23, -1, 24, 5, 16, 11, 0, 23, -1, 21, 25, 5, -1, 0, 23, 5, 8, 25, 22, 0, 22, 24, 5, -1, 4, 5, -1, 0, 14, 8, 18, -3]
[-16, -1, 42, 38, 55, 51, 43, 49, -13]
[42, 18, 14, 0, -3, -1, 56, 11, -4, -1, 14, 18, -1, 9, 5, -1, 20, 5, 16, 23, 0, 4, 18, -1, 15, 25, 31, -1, 2, 10, 5, 16, -4, -1, 31, -1, 31, 0, -1, 5, 23, 24, 18, 31, -1, 14, 10, 23, 24, 0, -1, 20, 0, 22, 0, -1, 4, 0, 22, 24, 5, -1, 25, 16, 0, -1, 22, 5, 23, 20, 25, 5, 23, 24, 0, -13, -1, 33, 3, 5, 20, 24, 18, -3]
[-16, -1, 38, 30, 24, 22, 0, 17, 18, -13]
[48, 5, -1, 9, 0, 23, -1, 9, 5, 3, 9, 18, -1, 5, 14, -1, 9, 18, 15, 2, 22, 5, -1, 15, 1, 23, -1, 7, 5, 14, 10, 32, -1, 4, 5, 14, -1, 15, 25, 16, 4, 18, -3]


[40, 43, 49]


