[53, 55, 51, 57, 33, -13, -1, 38, 23, 20, 5, 22, 0, -4, -1, 20, 22, 10, 15, 5, 22, 18, -1, 24, 5, 16, 8, 18, -1, 21, 25, 5, -1, 9, 0, 2, 14, 0, 22, -1, 3, 18, 16, 24, 10, 8, 18, -3]

[42, 38, 55, 51, 43, 49, -1, 15, 18, 23, 24, 22, 19, -1, 25, 16, 0, -1, 20, 5, 21, 25, 5, 17, 0, -1, 23, 18, 16, 22, 10, 23, 0, -1, 0, 14, -1, 5, 23, 3, 25, 3, 9, 0, 22, -1, 0, -1, 53, 55, 51, 57, 33, -1, 4, 5, 3, 14, 10, 16, 0, 22, -1, 23, 25, -1, 10, 16, 28, 10, 24, 0, 3, 10, 19, 16, -3, -1, 33, 14, -1, 3, 9, 10, 3, 18, -1, 14, 5, -1, 20, 0, 22, 5, 3, 10, 19, -1, 5, 30, 24, 22, 0, 17, 18, -1, 5, 23, 24, 5, -1, 3, 18, 15, 20, 18, 22, 24, 0, 15, 10, 5, 16, 24, 18, -4, -1, 20, 5, 22, 18, -1, 14, 18, -1, 10, 8, 16, 18, 22, 19, -1, 10, 16, 15, 5, 4, 10, 0, 24, 0, 15, 5, 16, 24, 5, -1, 3, 25, 0, 16, 4, 18, -1, 42, 38, 55, 51, 43, 49, -1, 23, 5, -1, 0, 3, 5, 22, 3, 19, -1, 0, -1, 6, 14, -1, 31, -1, 24, 18, 15, 19, -1, 25, 16, 0, -1, 20, 18, 23, 24, 25, 22, 0, -1, 15, 1, 23, -1, 23, 5, 22, 10, 0, -3, -1, 56, 25, -1, 0, 15, 0, 4, 0, -1, 5, 23, 24, 0, 2, 0, -1, 14, 10, 23, 24, 0, -1, 20, 0, 22, 0, -1, 5, 23, 3, 25, 3, 9, 0, 22, -1, 24, 18, 4, 18, -1, 14, 18, -1, 21, 25, 5, -1, 6, 14, -1, 14, 5, -1, 21, 25, 10, 23, 10, 5, 22, 0, -1, 4, 5, 3, 10, 22, -3]

[42, 38, 55, 51, 43, 49, -13, -1, 38, 23, -1, 28, 5, 22, 4, 0, 4, -3, -1, 48, 5, -1, 4, 10, 12, 10, 23, 24, 5, -1, 21, 25, 5, -1, 24, 5, 16, 11, 0, 23, -1, 0, 14, 8, 18, -1, 21, 25, 5, -1, 4, 5, 3, 10, 22, 15, 5, -4, -1, -10, 16, 18, -9, -1, 35, 10, 5, 16, -4, -1, 23, 18, 31, -1, 24, 18, 4, 0, -1, 18, 11, 4, 18, 23, -3]

[38, 14, -1, 3, 18, 22, 0, 32, 19, 16, -1, 4, 5, -1, 53, 55, 51, 57, 33, -1, 3, 18, 15, 5, 16, 32, 19, -1, 0, -1, 0, 3, 5, 14, 5, 22, 0, 22, -1, 23, 25, -1, 15, 0, 22, 3, 9, 0, -4, -1, 31, -1, 23, 25, -1, 22, 5, 23, 20, 10, 22, 0, 3, 10, 19, 16, -1, 23, 5, -1, 28, 18, 14, 28, 10, 19, -1, 15, 1, 23, -1, 20, 5, 23, 0, 4, 0, -3, -1, 58, 16, -1, 23, 25, 4, 18, 22, -1, 7, 22, 10, 18, -1, 3, 18, 15, 5, 16, 32, 19, -1, 0, -1, 23, 0, 14, 10, 22, -1, 4, 5, -1, 14, 0, 23, -1, 20, 0, 14, 15, 0, 23, -1, 4, 5, -1, 23, 25, 23, -1, 15, 0, 16, 18, 23, -4, -1, 31, -1, 23, 10, 16, 24, 10, 19, -1, 5, 23, 3, 0, 14, 18, 7, 22, 11, 18, 23, -1, 0, 14, -1, 4, 0, 22, 23, 5, -1, 3, 25, 5, 16, 24, 0, -1, 4, 5, -1, 21, 25, 5, -1, 24, 18, 4, 18, -1, 5, 14, -1, 4, 10, 23, 3, 25, 22, 23, 18, -1, 21, 25, 5, -1, 24, 0, 16, 24, 18, -1, 9, 0, 2, 11, 0, -1, 5, 16, 23, 0, 31, 0, 4, 18, -1, 23, 5, -1, 14, 5, -1, 9, 0, 2, 11, 0, -1, 18, 14, 28, 10, 4, 0, 4, 18, -3, -1, 47, 18, 23, -1, 16, 5, 22, 28, 10, 18, 23, -1, 3, 18, 15, 5, 16, 32, 0, 2, 0, 16, -1, 0, -1, 24, 22, 0, 10, 3, 10, 18, 16, 0, 22, 14, 5, -3]

[53, 55, 51, 57, 33, -13, -1, 64, 18, -3, -3, -3, -1, 15, 15, 15, -3, -3, -3]

[58, 16, 18, 23, -1, 23, 18, 16, 10, 4, 18, 23, -1, 21, 25, 5, -1, 16, 18, -1, 20, 18, 4, 11, 0, 16, -1, 14, 14, 0, 15, 0, 22, 23, 5, -1, 20, 0, 14, 0, 2, 22, 0, 23, -1, 23, 0, 14, 10, 5, 22, 18, 16, -1, 4, 5, -1, 23, 25, -1, 2, 18, 3, 0, -3, -1, 33, -1, 53, 55, 51, 57, 33, -1, 14, 5, -1, 20, 0, 22, 5, 3, 10, 19, -1, 10, 16, 28, 5, 22, 18, 23, 11, 15, 10, 14, -1, 21, 25, 5, -1, 14, 5, -1, 3, 18, 23, 24, 0, 22, 0, -1, 24, 0, 16, 24, 18, -1, 9, 0, 2, 14, 0, 22, -1, 5, 16, -1, 5, 23, 24, 0, -1, 23, 10, 24, 25, 0, 3, 10, 19, 16, -3, -1, 53, 18, 22, -1, 23, 25, 20, 25, 5, 23, 24, 18, -4, -1, 5, 23, 24, 0, -1, 23, 10, 24, 25, 0, 3, 10, 19, 16, -1, 5, 22, 0, -1, 15, 25, 31, -1, 5, 23, 24, 22, 5, 23, 0, 16, 24, 5, -1, 20, 0, 22, 0, -1, 5, 14, -1, 3, 9, 10, 3, 18, -4, -1, 31, 0, -1, 21, 25, 5, -1, 23, 5, 22, 11, 0, -1, 14, 0, -1, 20, 22, 10, 15, 5, 22, 0, -1, 28, 5, 32, -1, 21, 25, 5, -1, 4, 5, 3, 14, 0, 22, 0, 2, 0, -1, 23, 25, -1, 0, 15, 18, 22, -3, -1, 64, -1, 23, 5, -1, 14, 5, -1, 23, 25, 15, 0, -1, 0, -1, 5, 23, 24, 18, -1, 21, 25, 5, -1, 14, 0, -1, 3, 9, 10, 3, 0, -1, 5, 16, -1, 3, 25, 5, 23, 24, 10, 19, 16, -4, -1, 5, 23, -1, 23, 25, -1, 15, 5, 12, 18, 22, -1, 0, 15, 10, 8, 0, -3, -1, -7, -10, 38, 16, -1, 28, 5, 22, 4, 0, 4, -1, 25, 16, -1, 9, 18, 15, 2, 22, 5, -1, 31, -1, 25, 16, 0, -1, 15, 25, 12, 5, 22, -1, 20, 25, 5, 4, 5, 16, -1, 23, 5, 22, -1, 0, 15, 10, 8, 18, 23, -9, -7, -1, 58, 16, -1, 20, 5, 16, 23, 0, 15, 10, 5, 16, 24, 18, -1, 10, 16, 16, 5, 3, 5, 23, 0, 22, 10, 18, -1, 3, 22, 25, 32, 19, -1, 14, 0, -1, 15, 5, 16, 24, 5, -1, 4, 5, -1, 53, 55, 51, 57, 33, -3]

[53, 55, 51, 57, 33, -13, -1, 64, 18, -3, -3, -3, -1, 42, 38, 55, 51, 43, 49, -3, -3, -3, -1, 31, 18, -3, -3, -3]

[47, 18, 23, -1, 15, 10, 16, 25, 24, 18, 23, -1, 20, 0, 23, 0, 2, 0, 16, -4, -1, 31, -1, 5, 23, 24, 5, -1, 12, 25, 5, 8, 18, -1, 20, 0, 24, 6, 24, 10, 3, 18, -1, 21, 25, 5, -1, 53, 55, 51, 57, 33, -1, 5, 12, 5, 3, 25, 24, 0, 2, 0, -1, 4, 5, -1, 7, 18, 22, 15, 0, -1, 10, 16, 28, 18, 14, 25, 16, 24, 0, 22, 10, 0, -1, 23, 5, -1, 20, 22, 18, 14, 18, 16, 8, 0, 2, 0, -3, -1, 56, 10, 5, 15, 20, 22, 5, -1, 23, 0, 14, 4, 22, 11, 0, 16, -1, 20, 0, 14, 0, 2, 22, 0, 23, -1, 23, 18, 14, 10, 24, 0, 22, 10, 0, 23, -1, 4, 5, -1, 23, 25, -1, 2, 18, 3, 0, -4, -1, 31, -1, 14, 5, -1, 23, 5, 8, 25, 10, 22, 11, 0, -1, 25, 16, -1, 15, 25, 31, -1, 20, 22, 18, 14, 18, 16, 8, 0, 4, 18, -1, 23, 10, 14, 5, 16, 3, 10, 18, -3, -1, 42, 38, 55, 51, 43, 49, -1, 23, 5, 8, 25, 11, 0, -1, 0, 9, 11, -4, -1, 4, 5, -1, 20, 10, 5, -1, 7, 22, 5, 16, 24, 5, -1, 0, -1, 6, 14, -4, -1, 15, 10, 22, 1, 16, 4, 18, 14, 18, -1, 7, 10, 12, 0, 15, 5, 16, 24, 5, -4, -1, 4, 5, 15, 18, 23, 24, 22, 0, 16, 4, 18, -1, 23, 5, 22, -1, 14, 0, -1, 15, 25, 12, 5, 22, -1, 15, 1, 23, -1, 20, 0, 3, 10, 5, 16, 24, 5, -1, 4, 5, 14, -1, 15, 25, 16, 4, 18, -3, -1, 53, 55, 51, 57, 33, -1, 16, 18, -1, 24, 5, 16, 11, 0, -1, 16, 10, -1, 10, 4, 5, 0, -1, 4, 5, -1, 3, 25, 0, 16, 24, 18, -1, 24, 10, 5, 15, 20, 18, -1, 9, 0, 2, 11, 0, -1, 20, 0, 23, 0, 4, 18, -4, -1, 20, 5, 22, 18, -1, 23, 5, -1, 0, 23, 25, 23, 24, 19, -1, 0, 14, -1, 20, 5, 16, 23, 0, 22, -1, 21, 25, 5, -1, 5, 28, 5, 16, 24, 25, 0, 14, 15, 5, 16, 24, 5, -1, 42, 38, 55, 51, 43, 49, -1, 23, 5, -1, 0, 2, 25, 22, 22, 10, 22, 11, 0, -3, -1, -7, -10, 54, 25, 6, -1, 9, 0, 8, 18, -9, -7, -4, -1, 23, 5, -1, 20, 22, 5, 8, 25, 16, 24, 19, -1, 5, 14, -1, 3, 9, 10, 3, 18, -1, 3, 18, 16, -1, 4, 5, 23, 5, 23, 20, 5, 22, 18, -3]

[-16, -1, 38, 14, 10, 8, 5, -1, 25, 16, 0, -1, 18, 20, 3, 10, 19, 16, -13]
[-15, 0, -14, -1, 47, 10, 2, 5, 22, 0, 22, -1, 24, 5, 16, 23, 10, 19, 16, -3]
[-15, 2, -14, -1, 33, 20, 22, 5, 23, 25, 22, 0, 22, 23, 5, -3]
[-15, 3, -14, -1, 55, 5, 23, 20, 10, 22, 0, 22, -1, 20, 22, 18, 7, 25, 16, 4, 18, -1, 31, -1, 9, 0, 2, 14, 0, 22]
