[-7, -12, -10, 54, 25, 6, -1, 3, 9, 10, 16, 8, 0, 4, 18, 23, -1, 5, 23, 24, 18, 31, -1, 9, 0, 3, 10, 5, 16, 4, 18, -9, -11, -7, -4, -1, 7, 25, 5, -1, 3, 18, 15, 18, -1, 23, 5, -1, 22, 5, 8, 0, 17, 19, -1, 0, -1, 23, 11, -1, 15, 10, 23, 15, 18, -1, 53, 55, 51, 57, 33, -1, 0, 14, -1, 28, 5, 22, -1, 3, 18, 15, 18, -1, 23, 25, -1, 10, 16, 24, 5, 16, 24, 18, -1, 4, 5, -1, 4, 5, 3, 14, 0, 22, 0, 22, -1, 23, 5, -1, 42, 38, 55, 51, 43, 49, -1, 23, 5, -1, 28, 18, 14, 28, 11, 0, -1, 20, 0, 24, 6, 24, 10, 3, 18, -1, 20, 18, 22, -1, 23, 25, -1, 5, 23, 24, 26, 20, 10, 4, 0, -1, 10, 16, 5, 30, 20, 5, 22, 10, 5, 16, 3, 10, 0, -3, -1, 56, 10, 16, -1, 5, 15, 2, 0, 22, 8, 18, -4, -1, 23, 10, 16, -1, 10, 15, 20, 18, 22, 24, 0, 22, -1, 3, 25, 0, 16, 24, 18, -1, 23, 5, -1, 22, 5, 8, 0, 17, 0, 22, 0, -4, -1, 16, 18, -1, 14, 18, 8, 22, 0, 2, 0, -1, 21, 25, 5, -1, 23, 0, 14, 10, 5, 22, 0, 16, -1, 20, 0, 14, 0, 2, 22, 0, 23, -1, 4, 5, -1, 23, 25, -1, 2, 18, 3, 0, -3, -1, -7, -10, 54, 25, 6, -1, 20, 25, 5, 4, 18, -1, 9, 0, 3, 5, 22, -9, -1, 38, 16, -1, 14, 0, -1, 20, 5, 14, 11, 3, 25, 14, 0, -1, 21, 25, 5, -1, 28, 10, -1, 5, 14, -1, 18, 24, 22, 18, -1, 4, 11, 0, -3, -3, -3, -7, -4, -1, 23, 5, -1, 20, 14, 0, 16, 24, 5, 19, -1, 25, 16, 0, -1, 23, 0, 14, 10, 4, 0, -1, 7, 1, 3, 10, 14, -1, 15, 25, 31, -1, 22, 5, 3, 25, 22, 22, 5, 16, 24, 5, -1, 5, 16, -1, 18, 2, 22, 0, 23, -1, 4, 5, -1, 7, 10, 3, 3, 10, 19, 16, -3, -1, 38, 16, -1, 14, 0, 23, -1, 3, 18, 15, 5, 4, 10, 0, 23, -1, 22, 18, 15, 1, 16, 24, 10, 3, 0, 23, -1, 21, 25, 5, -1, 24, 0, 16, 24, 18, -1, 14, 5, -1, 8, 25, 23, 24, 0, 2, 0, 16, -3]

[56, 10, 16, -1, 20, 5, 22, 4, 5, 22, -1, 24, 10, 5, 15, 20, 18, -4, -1, 23, 5, -1, 0, 3, 5, 22, 3, 19, -1, 0, -1, 42, 38, 55, 51, 43, 49, -4, -1, 24, 18, 15, 19, -1, 23, 25, -1, 15, 0, 16, 4, 11, 2, 25, 14, 0, -1, 3, 18, 16, -1, 0, 15, 2, 0, 23, -1, 15, 0, 16, 18, 23, -1, 3, 18, 16, -1, 24, 18, 4, 0, -1, 14, 0, -1, 4, 5, 14, 10, 3, 0, 4, 5, 32, 0, -1, 21, 25, 5, -1, 20, 25, 4, 18, -4, -1, 31, -1, 14, 0, -1, 2, 5, 23, 19, -3]

[42, 38, 55, 51, 43, 49, -13, -1, -12, -10, 54, 25, 6, -1, 3, 9, 10, 16, 8, 0, 4, 18, 23, -1, 24, 5, -1, 20, 0, 23, 0, -9, -11]

[38, 16, -1, 3, 25, 0, 16, 24, 18, -1, 5, 14, -1, 3, 9, 10, 3, 18, -1, 12, 25, 16, 24, 19, -1, 23, 25, 23, -1, 14, 0, 2, 10, 18, 23, -1, 3, 18, 16, -1, 14, 18, 23, -1, 4, 5, -1, 42, 38, 55, 51, 43, 49, -4, -1, 14, 0, -1, 3, 9, 10, 3, 0, -1, 4, 10, 18, -1, 25, 16, -1, 23, 0, 14, 24, 18, -1, 0, 24, 22, 1, 23, -1, 20, 0, 22, 0, -1, 23, 18, 14, 24, 0, 22, 23, 5, -1, 4, 5, 14, -1, 0, 8, 0, 22, 22, 5, -1, 4, 5, -1, 53, 55, 51, 57, 33, -3, -1, 42, 38, 55, 51, 43, 49, -1, 23, 5, -1, 16, 18, 24, 0, 2, 0, -1, 25, 16, -1, 20, 18, 3, 18, -1, 15, 18, 14, 5, 23, 24, 0, -1, 4, 5, 2, 10, 4, 18, -1, 0, 14, -1, 23, 25, 3, 5, 23, 18, -4, -1, 14, 18, -1, 21, 25, 5, -1, 3, 18, 16, 7, 25, 16, 4, 10, 19, -1, 0, 14, -1, 12, 18, 28, 5, 16, -3]

[53, 55, 51, 57, 33, -13, -1, -10, 57, -6, 24, 5, -1, 5, 16, 18, 12, 0, 23, 24, 5, -9, -1, 53, 5, 22, 18, -1, 23, 10, -1, 5, 16, -1, 14, 0, 23, -1, 20, 5, 14, 11, 3, 25, 14, 0, 23, -3, -3, -3, -1, 15, 15, 15, -3, -3, -3]
[42, 38, 55, 51, 43, 49, -13, -1, -12, -10, 38, 16, -1, 14, 0, 23, -1, 20, 5, 14, 11, 3, 25, 14, 0, 23, -1, 21, 25, 6, -9, -11, -1, -12, -10, 54, 25, 6, -1, 5, 23, 24, 0, 2, 0, 23, -1, 24, 22, 0, 24, 0, 16, 4, 18, -1, 4, 5, -1, 9, 0, 3, 5, 22, -9, -11]

[53, 55, 51, 57, 33, -1, 16, 18, -1, 23, 0, 2, 11, 0, -1, 21, 25, 5, -1, 9, 0, 3, 5, 22, -1, 20, 0, 22, 0, -1, 3, 0, 14, 15, 0, 22, -1, 14, 0, -1, 22, 0, 2, 10, 0, -1, 4, 5, -1, 23, 25, -1, 0, 15, 0, 4, 0, -3, -1, 47, 0, -1, 23, 10, 24, 25, 0, 3, 10, 19, 16, -1, 21, 25, 5, -1, 22, 5, 23, 25, 14, 24, 19, -1, 7, 25, 5, -1, 15, 25, 31, -1, 4, 10, 7, 5, 22, 5, 16, 24, 5, -1, 0, -1, 3, 18, 15, 18, -1, 23, 5, -1, 14, 18, -1, 9, 0, 2, 11, 0, -1, 10, 15, 0, 8, 10, 16, 0, 4, 18, -1, 15, 18, 15, 5, 16, 24, 18, 23, -1, 0, 16, 24, 5, 23, -3, -1, 33, 9, 18, 22, 0, -1, 5, 23, 24, 0, 2, 0, -1, 5, 16, 7, 22, 5, 16, 24, 5, -1, 4, 5, -1, 42, 38, 55, 51, 43, 49, -4, -1, 14, 10, 8, 5, 22, 0, 15, 5, 16, 24, 5, -1, 5, 16, 3, 18, 22, 28, 0, 4, 18, -4, -1, 3, 18, 16, -1, 0, 15, 2, 0, 23, -1, 15, 0, 16, 18, 23, -1, 14, 5, 28, 0, 16, 24, 0, 4, 0, 23, -1, 10, 16, 24, 5, 16, 24, 0, 16, 4, 18, -1, 3, 0, 14, 15, 0, 22, -1, 0, -1, 14, 0, -1, 3, 9, 10, 3, 0, -3, -1, -7, 49, 18, -1, 15, 0, 15, 5, 23, -4, -1, 14, 0, -1, 9, 5, -1, 3, 0, 8, 0, 4, 18, -4, -7, -1, 5, 16, -1, 23, 25, 23, -1, 18, 12, 18, 23, -1, 23, 5, -1, 0, 23, 18, 15, 0, 2, 0, 16, -1, 14, 1, 8, 22, 10, 15, 0, 23, -1, 4, 5, 2, 10, 4, 18, -1, 0, 14, -1, 8, 22, 0, 16, -1, 5, 22, 22, 18, 22, -1, 21, 25, 5, -1, 9, 0, 2, 11, 0, -1, 3, 18, 15, 5, 24, 10, 4, 18, -3]

[53, 55, 51, 57, 33, -13, -1, 38, 23, -1, 21, 25, 5, -3, -3, -3, -1, 48, 5, -1, 21, 25, 5, 22, 11, 0, -1, 4, 5, 3, 14, 0, 22, 0, 22, -3, -3, -3, -1, 64, -1, 0, 23, 11, -1, 28, 10, -1, 5, 16, -1, 14, 0, 23, -1, 20, 5, 14, 11, 3, 25, 14, 0, 23, -1, 21, 25, 5, -1, 23, 5, -1, 9, 0, 3, 11, 0, -3, -3, -3, -1, 64, -1, 20, 25, 5, 23, -3, -3, -3]
[42, 38, 55, 51, 43, 49, -13, -1, -12, 38, 23, 18, -1, 23, 18, 14, 18, -1, 23, 5, -1, 9, 0, 3, 5, -1, 5, 16, -1, 14, 0, 23, -1, 20, 5, 14, 11, 3, 25, 14, 0, 23, -11, -1, -12, 38, 16, -1, 5, 14, -1, 15, 25, 16, 4, 18, -1, 22, 5, 0, 14, -1, 5, 23, -1, 25, 16, 0, -1, 20, 25, 24, 0, -1, 7, 0, 14, 24, 0, -1, 4, 5, -1, 22, 5, 23, 20, 5, 24, 18, -11]

[48, 10, 5, 16, 24, 22, 0, 23, -1, 4, 10, 23, 3, 25, 24, 11, 0, 16, -4, -1, 25, 16, -1, 8, 22, 25, 20, 18, -1, 4, 5, -1, 5, 23, 24, 25, 4, 10, 0, 16, 24, 5, 23, -4, -1, 4, 5, -1, 3, 18, 15, 20, 0, 17, 5, 22, 18, 23, -1, 4, 5, -1, 53, 55, 51, 57, 33, -1, 31, -1, 42, 38, 55, 51, 43, 49, -1, 23, 5, -1, 0, 3, 5, 22, 3, 0, 22, 18, 16, -1, 0, -1, 14, 0, -1, 20, 0, 22, 5, 12, 0, -3]

[36, 18, 15, 20, 0, 17, 5, 22, 18, -13, -1, 62, 5, 31, -4, -1, -12, 49, 18, -1, 5, 23, 24, 6, 23, -1, 15, 18, 14, 5, 23, 24, 0, 16, 4, 18, -1, 0, -1, 14, 0, -1, 3, 18, 15, 20, 0, 17, 5, 22, 0, -11]
[53, 55, 51, 57, 33, -13, -1, 64, 18, -1, 16, 18, -3, -3, -3]
[36, 18, 15, 20, 0, 17, 5, 22, 18, -13, -1, -12, 49, 18, -1, 24, 5, -1, 9, 0, 8, 0, 23, -1, 20, 5, 16, 4, 5, 12, 18, -4, -1, 24, 5, -1, 5, 23, 24, 1, 2, 0, 15, 18, 23, -1, 28, 10, 5, 16, 4, 18, -11]

[38, 14, -1, 8, 22, 25, 20, 18, -1, 4, 5, -1, 3, 9, 10, 3, 18, 23, -1, 31, -1, 3, 9, 10, 3, 0, 23, -1, 21, 25, 5, -1, 0, 14, 3, 0, 16, 32, 0, 22, 18, 16, -1, 0, -1, 14, 0, -1, 20, 0, 22, 5, 12, 0, -4, -1, 9, 0, 2, 11, 0, 16, -1, 5, 23, 24, 0, 4, 18, -1, 18, 2, 23, 5, 22, 28, 0, 16, 4, 18, -1, 14, 0, -1, 5, 23, 3, 5, 16, 0, -1, 4, 5, -1, 14, 5, 12, 18, 23, -3, -1, 33, 14, -1, 28, 5, 22, -1, 5, 14, -1, 2, 5, 23, 18, -1, 21, 25, 5, -1, 53, 55, 51, 57, 33, -1, 14, 5, -1, 9, 0, 2, 11, 0, -1, 22, 18, 2, 0, 4, 18, -1, 0, -1, 42, 38, 55, 51, 43, 49, -4, -1, 15, 0, 14, 10, 16, 24, 5, 22, 20, 22, 5, 24, 0, 22, 18, 16, -1, 25, 16, -1, 20, 18, 3, 18, -1, 14, 0, 23, -1, 3, 18, 23, 0, 23, -4, -1, 18, -1, 5, 23, 18, -1, 7, 25, 5, -1, 14, 18, -1, 21, 25, 5, -1, 20, 0, 23, 19, -1, 20, 18, 22, -1, 14, 0, -1, 15, 5, 16, 24, 5, -1, 4, 5, -1, 42, 38, 55, 51, 43, 49, -3]

[42, 38, 55, 51, 43, 49, -13, -1, 49, 18, -4, -1, 15, 25, 3, 9, 0, 3, 9, 18, 23, -1, 24, 18, 4, 18, -1, 5, 23, 24, 1, -1, 2, 10, 5, 16, -4, -1, 23, 18, 14, 18, -1, 5, 23, 24, 0, 2, 0, 15, -3, -3, -3]
[36, 18, 15, 20, 0, 17, 5, 22, 0, -13, -1, 49, 18, -1, 24, 5, -1, 20, 22, 5, 18, 3, 25, 20, 5, 23, -1, 3, 18, 15, 20, 0, 17, 5, 22, 0, -4, -1, -10, 38, 23, 24, 1, 23, -1, 2, 10, 5, 16, -9, -1, 33, 21, 25, 11, -1, 5, 23, 24, 0, 15, 18, 23, -1, 24, 18, 4, 0, 23, -1, 20, 0, 22, 0, -1, 3, 25, 10, 4, 0, 22, 16, 18, 23, -1, 5, 16, 24, 22, 5, -1, 16, 18, 23, 18, 24, 22, 0, 23, -3]
[42, 38, 55, 51, 43, 49, -13, -1, 56, 11, -4, -1, 5, 16, 24, 10, 5, 16, 4, 18, -1, 20, 5, 22, 18, -1, 16, 18, -1, 5, 23, -1, 16, 5, 3, -3, -3, -3]
[51, 24, 22, 0, -1, 3, 18, 15, 20, 0, 17, 5, 22, 0, -13, -1, 56, 11, -4, -1, 16, 18, -1, 24, 5, -1, 20, 22, 5, 18, 3, 25, 20, 5, 23, -3, -1, 53, 0, 24, 0, 16, 5, 23, -1, 3, 18, 15, 18, -1, 5, 23, 24, 5, -1, 23, 5, -1, 5, 16, 3, 25, 5, 16, 24, 22, 0, 16, -1, 5, 16, -1, 24, 18, 4, 18, 23, -1, 14, 0, 4, 18, 23, -4, -1, 20, 5, 22, 18, -1, 23, 10, 5, 15, 20, 22, 5, -1, 9, 0, 31, -1, 3, 18, 15, 20, 0, 17, 5, 22, 18, 23, -1, 2, 25, 5, 16, 18, 23, -1, 21, 25, 5, -1, 16, 18, 23, -1, 0, 31, 25, 4, 0, 16, -3]

[47, 0, 23, -1, 3, 9, 10, 3, 0, 23, -1, 22, 5, 3, 10, 6, 16, -1, 14, 14, 5, 8, 0, 4, 0, 23, -1, 23, 5, -1, 14, 14, 5, 28, 0, 22, 18, 16, -1, 0, -1, 42, 38, 55, 51, 43, 49, -1, 3, 18, 16, -1, 5, 14, 14, 0, 23, -4, -1, 23, 10, 16, -1, 4, 0, 22, -1, 14, 0, -1, 18, 20, 18, 22, 24, 25, 16, 10, 4, 0, 4, -1, 0, -1, 14, 0, -1, 3, 9, 10, 3, 0, -1, 4, 5, -1, 0, 3, 14, 0, 22, 0, 22, -1, 5, 14, -1, 15, 0, 14, 5, 16, 24, 5, 16, 4, 10, 4, 18, -3, -1, 48, 10, 5, 16, 24, 22, 0, 23, -1, 24, 0, 16, 24, 18, -4, -1, 53, 55, 51, 57, 33, -1, 10, 16, 24, 5, 16, 24, 0, 2, 0, -1, 22, 0, 32, 18, 16, 0, 22, -1, 3, 18, 16, -1, 14, 18, 23, -1, 3, 18, 15, 20, 0, 17, 5, 22, 18, 23, -1, 21, 25, 5, -1, 14, 18, -1, 5, 23, 24, 0, 2, 0, 16, -1, 22, 5, 8, 0, 17, 0, 16, 4, 18, -3]

[53, 55, 51, 57, 33, -13, -1, 36, 18, 15, 20, 0, 23, -4, -1, 16, 18, -1, 5, 23, -1, 14, 18, -1, 21, 25, 5, -1, 20, 0, 22, 5, 3, 5, -3, -1, 56, 6, -1, 21, 25, 5, -1, 15, 5, -1, 5, 21, 25, 10, 28, 18, 21, 25, 6, -1, 20, 5, 22, 18, -3, -3, -3]
[36, 18, 15, 20, 0, 17, 5, 22, 18, -13, -1, 49, 18, -1, 4, 10, 8, 0, 23, -1, 15, 0, 15, 0, 4, 0, 23, -4, -1, 0, 21, 25, 11, -1, 22, 5, 23, 20, 5, 24, 0, 15, 18, 23, -1, 0, -1, 14, 0, 23, -1, 3, 18, 15, 20, 0, 17, 5, 22, 0, 23, -3]
[51, 24, 22, 18, -1, 29, 5, 31, -13, -1, 38, 23, 18, -1, 15, 5, 22, 18, -3, -1, 64, -1, 0, 24, 11, -1, 16, 18, -1, 23, 5, -1, 24, 5, -1, 28, 0, -1, 0, -1, 18, 14, 28, 10, 4, 0, 22, -1, 16, 25, 16, 3, 0, -3]

[56, 10, 16, -1, 21, 25, 5, -1, 23, 5, -1, 4, 10, 5, 22, 0, -1, 3, 25, 5, 16, 24, 0, -4, -1, 25, 16, -1, 28, 5, 14, 18, 32, -1, 20, 25, 17, 18, -1, 14, 14, 5, 8, 19, -1, 4, 10, 22, 5, 3, 24, 18, -1, 0, -1, 14, 0, -1, 15, 0, 16, 4, 11, 2, 25, 14, 0, -1, 4, 5, -1, 53, 55, 51, 57, 33, -3, -1, 38, 14, -1, 3, 9, 10, 3, 18, -1, 23, 18, 14, 18, -1, 20, 25, 4, 18, -1, 24, 0, 15, 2, 0, 14, 5, 0, 22, 23, 5, -1, 25, 16, -1, 20, 18, 3, 18, -1, 4, 5, 2, 10, 4, 18, -1, 0, 14, -1, 28, 10, 18, 14, 5, 16, 24, 18, -1, 0, 24, 0, 21, 25, 5, -4, -1, 3, 25, 0, 16, 4, 18, -1, 3, 0, 23, 10, -1, 10, 16, 15, 5, 4, 10, 0, 24, 0, 15, 5, 16, 24, 5, -4, -1, 18, 24, 22, 18, -1, 8, 18, 14, 20, 5, -1, 15, 1, 23, -1, 3, 18, 16, 5, 3, 24, 19, -1, 3, 18, 16, -1, 23, 25, -1, 16, 0, 22, 10, 32, -3, -1, 37, 5, -1, 23, 25, 23, -1, 18, 12, 18, 23, -1, 3, 18, 15, 5, 16, 32, 0, 22, 18, 16, -1, 0, -1, 23, 0, 14, 10, 22, -1, 14, 1, 8, 22, 10, 15, 0, 23, -1, 4, 5, 2, 10, 4, 18, -1, 0, 14, -1, 23, 5, 8, 25, 16, 4, 18, -1, 8, 18, 14, 20, 5, -4, -1, 31, -1, 3, 0, 31, 19, -1, 0, 14, -1, 23, 25, 5, 14, 18, -1, 20, 18, 22, -1, 14, 18, -1, 4, 5, 23, 18, 22, 10, 5, 16, 24, 0, 4, 18, -1, 21, 25, 5, -1, 5, 23, 24, 0, 2, 0, -3, -1, 58, 16, 0, -1, 14, 14, 25, 28, 10, 0, -1, 4, 5, -1, 8, 18, 14, 20, 5, 23, -1, 3, 18, 15, 5, 16, 32, 0, 22, 18, 16, -1, 0, -1, 3, 0, 5, 22, -1, 23, 18, 2, 22, 5, -1, 53, 55, 51, 57, 33, -3, -1, 38, 14, -1, 12, 18, 28, 5, 16, -1, 24, 18, 15, 19, -1, 25, 16, 0, -1, 20, 18, 23, 24, 25, 22, 0, -1, 7, 5, 24, 0, 14, -1, 20, 0, 22, 0, -1, 5, 28, 10, 24, 0, 22, -1, 21, 25, 5, -1, 20, 25, 17, 5, 24, 0, 32, 18, 23, -1, 18, -1, 20, 0, 24, 0, 4, 0, 23, -1, 3, 18, 16, 5, 3, 24, 0, 22, 0, 16, -1, 3, 18, 16, -1, 20, 25, 16, 24, 18, 23, -1, 28, 10, 24, 0, 14, 5, 23, -3]

[42, 38, 55, 51, 43, 49, -13, -1, -12, -12, -12, 42, 5, 31, -4, -1, 4, 5, 24, 6, 16, 8, 0, 16, 23, 5, -11, -11, -11]

[53, 55, 51, 57, 33, -1, 5, 23, 3, 25, 3, 9, 19, -1, 25, 16, -1, 8, 22, 10, 24, 18, -1, 4, 5, -1, 42, 38, 55, 51, 43, 49, -4, -1, 20, 18, 22, -1, 14, 18, -1, 21, 25, 5, -1, 14, 5, 28, 0, 16, 24, 19, -1, 14, 0, -1, 3, 0, 2, 5, 32, 0, -1, 25, 16, -1, 20, 18, 3, 18, -5, -1, 25, 16, -1, 4, 25, 22, 18, -1, 8, 18, 14, 20, 5, -1, 3, 18, 16, 5, 3, 24, 19, -1, 4, 10, 22, 5, 3, 24, 0, 15, 5, 16, 24, 5, -1, 5, 16, -1, 23, 25, -1, 23, 10, 5, 16, -3, -1, 53, 55, 51, 57, 33, -1, 23, 10, 16, 24, 10, 19, -1, 3, 18, 15, 18, -1, 25, 16, -1, 14, 10, 21, 25, 10, 4, 18, -1, 3, 0, 14, 10, 5, 16, 24, 5, -1, 3, 18, 15, 5, 16, 32, 19, -1, 0, -1, 23, 0, 14, 10, 22, -1, 4, 5, 14, -1, 14, 25, 8, 0, 22, -1, 4, 0, 17, 0, 4, 18, -4, -1, 23, 18, 14, 18, -1, 20, 0, 22, 0, -1, 4, 5, 23, 20, 25, 6, 23, -1, 23, 5, 16, 24, 10, 22, -1, 3, 18, 15, 18, -1, 23, 25, -1, 3, 18, 16, 3, 10, 5, 16, 3, 10, 0, -1, 23, 5, -1, 4, 5, 23, 28, 0, 16, 5, 3, 11, 0, -4, -1, 3, 18, 15, 18, -1, 23, 10, -1, 5, 23, 24, 25, 28, 10, 5, 22, 0, -1, 3, 0, 31, 5, 16, 4, 18, -1, 5, 16, -1, 25, 16, -1, 20, 22, 18, 7, 25, 16, 4, 18, -1, 20, 18, 32, 18, -3, -1, -7, -12, 54, 25, 6, -1, 20, 0, 23, 0, -1, 0, 21, 25, 11, -7, -4, -1, -7, -12, 36, 18, 22, 22, 0, 16, -11, -7, -4, -1, -7, -12, 53, 55, 51, 57, 33, -11, -7, -3, -1, 64, -1, 0, 23, 11, -4, -1, 53, 55, 51, 57, 33, -1, 4, 5, 12, 19, -1, 4, 5, -1, 5, 23, 3, 25, 3, 9, 0, 22, -4, -1, 4, 5, 12, 19, -1, 4, 5, -1, 28, 5, 22, -4, -1, 22, 18, 4, 5, 0, 4, 18, -1, 23, 18, 14, 18, -1, 4, 5, -1, 18, 23, 3, 25, 22, 10, 4, 0, 4, -3]

[-6, -6, -6]

[38, 16, -1, 14, 0, -1, 15, 0, 17, 0, 16, 0, -1, 23, 10, 8, 25, 10, 5, 16, 24, 5, -4, -1, 42, 38, 55, 51, 43, 49, -1, 23, 5, -1, 5, 16, 3, 18, 16, 24, 22, 0, 2, 0, -1, 5, 16, -1, 5, 14, -1, 9, 18, 23, 20, 10, 24, 0, 14, -3, -1, 47, 25, 5, 8, 18, -1, 4, 5, 14, -1, 0, 14, 24, 5, 22, 3, 0, 4, 18, -1, 21, 25, 5, -1, 23, 25, 7, 22, 10, 19, -1, 14, 0, -1, 20, 0, 22, 5, 12, 0, -4, -1, 25, 16, -1, 8, 25, 0, 22, 4, 10, 0, -1, 4, 5, -1, 23, 5, 8, 25, 22, 10, 4, 0, 4, -1, 9, 0, 2, 11, 0, -1, 14, 14, 5, 8, 0, 4, 18, -1, 0, -1, 14, 0, -1, 5, 23, 3, 5, 16, 0, -1, 0, 14, 5, 22, 24, 0, 4, 18, -1, 20, 18, 22, -1, 5, 14, -1, 8, 22, 10, 24, 18, -1, 4, 5, -1, 42, 38, 55, 51, 43, 49, -3, -1, -7, -12, 54, 25, 6, -1, 20, 0, 23, 0, -1, 0, 21, 25, 11, -11, -7, -4, -1, 7, 25, 5, -1, 14, 18, -1, 26, 16, 10, 3, 18, -1, 21, 25, 5, -1, 24, 25, 28, 18, -1, 21, 25, 5, -1, 4, 5, 3, 10, 22, -1, 5, 14, -1, 8, 25, 0, 22, 4, 10, 0, -1, 20, 0, 22, 0, -1, 9, 0, 3, 5, 22, -1, 21, 25, 5, -1, 14, 18, 23, -1, 3, 9, 10, 3, 18, 23, -1, 21, 25, 5, -1, 5, 23, 24, 0, 2, 0, 16, -1, 8, 18, 14, 20, 5, 0, 16, 4, 18, -1, 0, -1, 53, 55, 51, 57, 33, -1, 3, 18, 15, 5, 16, 32, 0, 22, 0, 16, -1, 0, -1, 3, 18, 22, 22, 5, 22, -3, -1, 43, 16, 3, 14, 25, 23, 18, -1, 14, 0, 23, -1, 12, 19, 28, 5, 16, 5, 23, -1, 21, 25, 5, -1, 5, 23, 3, 18, 14, 24, 0, 2, 0, 16, -1, 0, -1, 42, 38, 55, 51, 43, 49, -1, 9, 25, 31, 5, 22, 18, 16, -4, -1, 14, 18, -1, 21, 25, 5, -1, 0, 20, 22, 18, 28, 5, 3, 9, 19, -1, 14, 0, -1, 3, 9, 10, 3, 0, -1, 20, 0, 22, 0, -1, 3, 18, 22, 22, 5, 22, -1, 9, 0, 3, 10, 0, -1, 4, 18, 16, 4, 5, -1, 5, 23, 24, 0, 2, 0, -1, 23, 25, -1, 0, 15, 10, 8, 18, -3]

[38, 14, -1, 8, 25, 0, 22, 4, 10, 0, -1, 9, 0, 2, 11, 0, -1, 14, 14, 0, 15, 0, 4, 18, -1, 0, -1, 53, 22, 18, 24, 5, 3, 3, 10, 19, 16, -1, 36, 10, 28, 10, 14, -1, 4, 5, 14, -1, 3, 0, 15, 20, 25, 23, -1, 20, 0, 22, 0, -1, 21, 25, 5, -1, 5, 16, 28, 10, 0, 22, 0, 16, -1, 20, 0, 22, 0, 15, 6, 4, 10, 3, 18, 23, -1, 0, 14, -1, 14, 25, 8, 0, 22, -4, -1, 15, 10, 5, 16, 24, 22, 0, 23, -1, 53, 55, 51, 57, 33, -1, 5, 23, 24, 0, 2, 0, -1, 10, 16, 3, 18, 16, 23, 3, 10, 5, 16, 24, 5, -1, 31, -1, 23, 0, 16, 8, 22, 0, 16, 4, 18, -1, 20, 18, 22, -1, 14, 0, -1, 23, 10, 5, 16, -3, -1, 47, 0, -1, 0, 31, 25, 4, 0, -1, 16, 18, -1, 24, 0, 22, 4, 19, -1, 5, 16, -1, 14, 14, 5, 8, 0, 22, -3]

[42, 38, 55, 51, 43, 49, -1, 5, 23, 24, 0, 2, 0, -1, 7, 25, 22, 10, 18, 23, 0, -1, 3, 18, 16, -1, 5, 14, -1, 23, 25, 3, 5, 23, 18, -4, -1, 31, -1, 15, 1, 23, -1, 20, 18, 22, 21, 25, 5, -1, 14, 0, -1, 0, 25, 24, 18, 22, 10, 4, 0, 4, 5, 23, -1, 4, 5, -1, 14, 0, -1, 25, 16, 10, 28, 5, 22, 23, 10, 4, 0, 4, -1, 16, 18, -1, 5, 23, 24, 0, 2, 0, 16, -1, 4, 10, 23, 20, 25, 5, 23, 24, 0, 23, -1, 0, -1, 24, 18, 15, 0, 22, -1, 3, 0, 22, 24, 0, 23, -1, 5, 16, -1, 5, 14, -1, 0, 23, 25, 16, 24, 18, -3, -1, 33, 14, -1, 7, 10, 16, 0, 14, -4, -1, 42, 38, 55, 51, 43, 49, -1, 4, 5, 3, 10, 4, 10, 19, -1, 14, 14, 5, 28, 0, 22, 23, 5, -1, 0, -1, 53, 55, 51, 57, 33, -1, 0, 14, -1, 9, 18, 23, 20, 10, 24, 0, 14, -4, -1, 31, -1, 0, 15, 5, 16, 0, 32, 19, -1, 3, 18, 16, -1, 20, 25, 2, 14, 10, 3, 0, 22, -1, 5, 14, -1, 3, 0, 23, 18, -1, 5, 16, -1, 22, 5, 4, 5, 23, -1, 23, 18, 3, 10, 0, 14, 5, 23, -4, -1, 31, -1, 14, 14, 5, 28, 0, 22, 14, 18, -1, 3, 18, 16, -1, 14, 0, -1, 20, 18, 14, 10, 3, 11, 0, -1, 31, -1, 14, 18, 23, -1, 15, 5, 4, 10, 18, 23, -3, -1, 38, 23, 24, 18, -1, 7, 25, 5, -1, 23, 25, 7, 10, 3, 10, 5, 16, 24, 5, -1, 20, 0, 22, 0, -1, 21, 25, 5, -1, 14, 18, 23, -1, 0, 4, 15, 10, 16, 10, 23, 24, 22, 0, 24, 10, 28, 18, 23, -1, 20, 22, 18, 15, 5, 24, 10, 5, 22, 0, 16, -1, 5, 16, 3, 18, 16, 24, 22, 0, 22, -1, 0, -1, 14, 18, 23, -1, 22, 5, 23, 20, 18, 16, 23, 0, 2, 14, 5, 23, -1, 31, -1, 0, 20, 14, 10, 3, 0, 22, -1, 5, 14, -1, 3, 0, 23, 24, 10, 8, 18, -1, 3, 18, 22, 22, 5, 23, 20, 18, 16, 4, 10, 5, 16, 24, 5, -3]

[33, 9, 18, 22, 0, -1, 15, 10, 23, 15, 18, -1, 42, 38, 55, 51, 43, 49, -1, 5, 23, 24, 0, 2, 0, -1, 23, 5, 16, 24, 0, 4, 0, -1, 0, -1, 25, 16, -1, 14, 0, 4, 18, -1, 4, 5, -1, 14, 0, -1, 3, 0, 15, 0, -1, 4, 5, -1, 53, 55, 51, 57, 33, -4, -1, 21, 25, 5, -1, 0, 26, 16, -1, 16, 18, -1, 4, 5, 23, 20, 5, 22, 24, 0, 2, 0, -3, -1, 47, 18, -1, 9, 0, 2, 11, 0, 16, -1, 23, 5, 4, 0, 4, 18, -4, -1, 31, 0, -1, 21, 25, 5, -1, 16, 5, 3, 5, 23, 24, 10, 19, -1, 20, 25, 16, 24, 0, 4, 0, 23, -1, 5, 16, -1, 28, 0, 22, 11, 0, 23, -1, 9, 5, 22, 10, 4, 0, 23, -1, 5, 16, -1, 7, 22, 5, 16, 24, 5, -1, 31, -1, 2, 22, 0, 32, 18, 23, -4, -1, 0, 4, 5, 15, 1, 23, -1, 4, 5, -1, 24, 5, 16, 5, 22, -1, 25, 16, -1, 20, 0, 22, -1, 4, 5, -1, 3, 18, 23, 24, 10, 14, 14, 0, 23, -1, 22, 18, 24, 0, 23, -3, -1, 56, 10, 16, -1, 5, 15, 2, 0, 22, 8, 18, -4, -1, 5, 14, -1, 4, 10, 0, 8, 16, 19, 23, 24, 10, 3, 18, -1, 5, 22, 0, -1, 18, 20, 24, 10, 15, 10, 23, 24, 0, -3, -1, 38, 14, -1, 8, 18, 14, 20, 5, -1, 4, 5, -1, 14, 0, -1, 3, 0, 2, 5, 32, 0, -1, 16, 18, -1, 20, 0, 22, 5, 3, 11, 0, -1, 23, 5, 22, -1, 3, 0, 20, 0, 32, -1, 4, 5, -1, 3, 0, 25, 23, 0, 22, -1, 0, 14, 8, 26, 16, -1, 20, 22, 18, 2, 14, 5, 15, 0, -1, 3, 5, 22, 5, 2, 22, 0, 14, -4, -1, 0, 25, 16, 21, 25, 5, -1, 5, 23, 24, 0, 22, 11, 0, -1, 5, 16, -1, 18, 2, 23, 5, 22, 28, 0, 3, 10, 19, 16, -1, 25, 16, -1, 24, 10, 5, 15, 20, 18, -1, 20, 18, 22, -1, 23, 10, -1, 0, 3, 0, 23, 18, -3]

[42, 38, 55, 51, 43, 49, -1, -15, 5, 16, -1, 25, 16, -1, 23, 25, 23, 25, 22, 22, 18, -14, -13, -1, -10, 36, 19, 15, 18, -1, 7, 25, 5, -1, 21, 25, 5, -1, 5, 23, 24, 18, -1, 5, 23, 3, 0, 14, 19, -1, 24, 0, 14, -1, 0, 14, 24, 18, -9]
[53, 55, 51, 57, 33, -13, -1, -10, 42, 38, 55, 51, 43, 49, -9, -3, -3, -3]
[42, 38, 55, 51, 43, 49, -13, -1, 51, 9, -4, -1, 23, 11, -1, 23, 18, 31, -1, 31, 18, -1, 53, 55, 51, 57, 33, -3, -1, -10, 37, 10, 23, 3, 25, 14, 20, 0, -4, -1, 24, 5, -1, 4, 5, 23, 20, 5, 22, 24, 6, -9]
[53, 55, 51, 57, 33, -13, -1, -10, 54, 25, 6, -1, 20, 0, 23, 19, -9, -1, -10, 37, 19, 16, 4, 5, -1, 5, 23, 24, 18, 31, -9]

[53, 55, 51, 57, 33, -1, 0, 26, 16, -1, 20, 0, 22, 5, 3, 11, 0, -1, 25, 16, -1, 20, 18, 3, 18, -1, 3, 18, 16, 7, 25, 16, 4, 10, 4, 18, -1, 20, 18, 22, -1, 14, 18, 23, -1, 15, 5, 4, 10, 3, 0, 15, 5, 16, 24, 18, 23, -1, 31, -1, 14, 18, 23, -1, 8, 18, 14, 20, 5, 23, -4, -1, 20, 18, 22, -1, 14, 18, -1, 21, 25, 5, -1, 16, 18, -1, 23, 5, -1, 20, 18, 4, 11, 0, -1, 4, 5, 3, 10, 22, -1, 21, 25, 5, -1, 5, 23, 24, 0, 2, 0, -1, 4, 5, 23, 20, 10, 5, 22, 24, 18, -1, 4, 5, 14, -1, 24, 18, 4, 18, -3, -1, 42, 38, 55, 51, 43, 49, -1, 23, 5, -1, 14, 5, 28, 0, 16, 24, 19, -1, 4, 5, -1, 23, 25, -1, 23, 10, 14, 14, 0, -4, -1, 31, -1, 5, 15, 20, 25, 12, 19, -1, 0, -1, 53, 55, 51, 57, 33, -1, 4, 5, -1, 14, 18, 23, -1, 9, 18, 15, 2, 22, 18, 23, -1, 20, 0, 22, 0, -1, 5, 28, 10, 24, 0, 22, -1, 21, 25, 5, -1, 23, 5, -1, 14, 5, 28, 0, 16, 24, 0, 22, 0, -3]

[42, 38, 55, 51, 43, 49, -13, -1, 49, 18, -1, 24, 5, -1, 15, 25, 5, 28, 0, 23, -3, -1, 38, 23, 24, 1, 23, -1, 5, 16, -1, 5, 14, -1, 9, 18, 23, 20, 10, 24, 0, 14, -4, -1, 24, 5, -1, 8, 18, 14, 20, 5, 0, 22, 18, 16, -3, -1, 47, 25, 5, 8, 18, -1, 24, 5, -1, 5, 30, 20, 14, 10, 3, 18, -1, 14, 18, 23, -1, 4, 5, 24, 0, 14, 14, 5, 23, -3, -1, 56, 18, 14, 18, -1, 22, 5, 8, 22, 5, 23, 0, -1, 31, -1, 4, 25, 5, 22, 15, 5, -1, 25, 16, -1, 20, 18, 3, 18, -1, 15, 1, 23, -3]
[53, 55, 51, 57, 33, -13, -1, -10, 38, 16, -1, 23, 5, 22, 10, 18, -9, -1, -10, 64, -1, 15, 10, 23, -1, 20, 0, 4, 22, 5, 23, -9]
[42, 38, 55, 51, 43, 49, -13, -1, 40, 25, 5, 22, 18, 16, -1, 0, -1, 24, 22, 0, 2, 0, 12, 0, 22, -3, -1, 38, 23, 24, 25, 28, 10, 5, 22, 18, 16, -1, 0, 21, 25, 11, -1, 24, 18, 4, 0, -1, 14, 0, -1, 16, 18, 3, 9, 5, -4, -1, 20, 5, 22, 18, -1, 14, 5, 23, -1, 4, 10, 12, 5, -1, 21, 25, 5, -1, 15, 5, -1, 21, 25, 5, 4, 0, 22, 11, 0, -1, 3, 18, 16, 24, 10, 8, 18, -3]
[53, 55, 51, 57, 33, -13, -1, 51, 9, -3, -3, -3, -1, 54, 25, 6, -1, 2, 25, 5, 16, 18, -3, -3, -3]

[64, -1, 4, 10, 3, 10, 5, 16, 4, 18, -1, 5, 23, 24, 18, -4, -1, 53, 55, 51, 57, 33, -1, 3, 0, 31, 19, -1, 4, 18, 22, 15, 10, 4, 18, -1, 16, 25, 5, 28, 0, 15, 5, 16, 24, 5, -3, -1, 42, 38, 55, 51, 43, 49, -1, 23, 5, -1, 21, 25, 5, 4, 19, -1, 15, 10, 22, 0, 16, 4, 18, -1, 0, -1, 23, 25, -1, 0, 15, 10, 8, 18, -1, 7, 10, 12, 0, 15, 5, 16, 24, 5, -4, -1, 3, 18, 16, -1, 25, 16, 0, -1, 14, 10, 8, 5, 22, 0, -1, 23, 18, 16, 22, 10, 23, 0, -3, -1, -7, 54, 25, 6, -1, 2, 10, 5, 16, -1, 24, 5, -1, 28, 5, 23, -1, 4, 18, 22, 15, 10, 4, 18, -4, -1, 12, 10, 12, 10, 12, 10, -7, -4, -1, 20, 5, 16, 23, 19, -1, 42, 38, 55, 51, 43, 49, -3]

[37, 5, -1, 25, 16, -1, 10, 16, 23, 24, 0, 16, 24, 5, -1, 0, -1, 18, 24, 22, 18, -4, -1, 5, 14, -1, 3, 5, 14, 25, 14, 0, 22, -1, 4, 5, -1, 42, 38, 55, 51, 43, 49, -1, 22, 18, 15, 20, 10, 19, -1, 14, 0, -1, 3, 18, 16, 3, 5, 16, 24, 22, 0, 3, 10, 19, 16, -1, 4, 5, -1, 14, 0, -1, 3, 9, 10, 3, 0, -3, -1, 38, 14, -1, 24, 18, 16, 18, -1, 21, 25, 5, -1, 42, 38, 55, 51, 43, 49, -1, 25, 23, 0, 2, 0, -1, 20, 0, 22, 0, -1, 14, 18, 23, -1, 15, 5, 16, 23, 0, 12, 5, 23, -1, 4, 5, -1, 24, 5, 30, 24, 18, -1, 4, 5, -1, 23, 25, -1, 0, 20, 14, 10, 3, 0, 3, 10, 19, 16, -1, 7, 0, 28, 18, 22, 10, 24, 0, -1, 10, 16, 25, 16, 4, 19, -1, 14, 0, -1, 23, 0, 14, 0, -1, 4, 5, 14, -1, 9, 18, 23, 20, 10, 24, 0, 14, -4, -1, 21, 25, 5, -1, 5, 23, 24, 0, 2, 0, -1, 14, 14, 5, 16, 0, -1, 4, 5, -1, 4, 18, 3, 24, 18, 22, 5, 23, -4, -1, 5, 16, 7, 5, 22, 15, 5, 22, 0, 23, -4, -1, 20, 0, 3, 10, 5, 16, 24, 5, 23, -1, 31, -1, 7, 0, 15, 10, 14, 10, 0, 22, 5, 23, -4, -1, 15, 25, 3, 9, 18, 23, -1, 4, 5, -1, 5, 23, 24, 18, 23, -1, 26, 14, 24, 10, 15, 18, 23, -1, 4, 18, 22, 15, 10, 4, 18, 23, -3, -1, 37, 5, -1, 10, 16, 15, 5, 4, 10, 0, 24, 18, -4, -1, 42, 38, 55, 51, 43, 49, -1, 24, 18, 15, 19, -1, 23, 25, -1, 3, 5, 14, 25, 14, 0, 22, -1, 20, 0, 22, 0, -1, 20, 18, 16, 5, 22, 14, 18, -1, 5, 16, -1, 23, 10, 14, 5, 16, 3, 10, 19, -1, 31, -1, 5, 28, 10, 24, 0, 22, -1, 15, 18, 14, 5, 23, 24, 0, 22, -1, 0, -1, 14, 18, 23, -1, 4, 5, 15, 1, 23, -4, -1, 10, 16, 3, 14, 25, 31, 5, 16, 4, 18, -1, 0, -1, 53, 55, 51, 57, 33, -3]

[42, 38, 55, 51, 43, 49, -1, 15, 10, 22, 19, -1, 14, 0, -1, 20, 0, 16, 24, 0, 14, 14, 0, -1, 4, 5, -1, 23, 25, -1, 4, 10, 23, 20, 18, 23, 10, 24, 10, 28, 18, -3, -1, 37, 10, 28, 10, 23, 19, -1, 25, 16, -1, 26, 16, 10, 3, 18, -1, 15, 5, 16, 23, 0, 12, 5, -1, 4, 5, -1, 25, 16, 0, -1, 20, 5, 22, 23, 18, 16, 0, -1, 21, 25, 5, -1, 5, 14, 14, 0, -1, 3, 18, 16, 18, 3, 11, 0, -3, -1, 58, 16, -1, 15, 5, 16, 23, 0, 12, 5, -1, 21, 25, 5, -1, 23, 0, 2, 11, 0, -1, 21, 25, 5, -1, 22, 5, 3, 10, 2, 10, 22, 11, 0, -4, -1, 31, -1, 21, 25, 5, -1, 24, 5, 16, 11, 0, -1, 21, 25, 5, -1, 3, 18, 16, 24, 5, 23, 24, 0, 22, -3, -1, 42, 38, 55, 51, 43, 49, -1, 0, 2, 22, 10, 19, -1, 14, 0, -1, 0, 20, 14, 10, 3, 0, 3, 10, 19, 16, -1, 4, 5, 23, 4, 5, -1, 14, 0, -1, 16, 18, 24, 10, 7, 10, 3, 0, 3, 10, 19, 16, -4, -1, 31, -1, 14, 5, 31, 19, -1, 14, 18, -1, 21, 25, 5, -1, 4, 5, 3, 11, 0, -1, 5, 23, 24, 0, -1, 20, 5, 22, 23, 18, 16, 0, -3, -1, 47, 0, -1, 23, 18, 16, 22, 10, 23, 0, -1, 21, 25, 5, -1, 24, 5, 16, 11, 0, -1, 9, 0, 2, 11, 0, -1, 4, 5, 23, 0, 20, 0, 22, 5, 3, 10, 4, 18, -4, -1, 31, -1, 23, 25, -1, 5, 30, 20, 22, 5, 23, 10, 19, 16, -1, 9, 0, 2, 11, 0, -1, 3, 0, 15, 2, 10, 0, 4, 18, -1, 0, -1, 25, 16, 0, -1, 14, 14, 5, 16, 0, -1, 4, 5, -1, 3, 18, 16, 7, 25, 23, 10, 19, 16, -3, -1, 53, 18, 22, -1, 25, 16, -1, 22, 0, 24, 18, -1, 5, 23, 24, 25, 28, 18, -1, 15, 10, 22, 0, 16, 4, 18, -1, 4, 5, -1, 7, 18, 22, 15, 0, -1, 10, 16, 24, 5, 22, 15, 10, 24, 5, 16, 24, 5, -1, 5, 16, 24, 22, 5, -1, 14, 0, -1, 20, 0, 16, 24, 0, 14, 14, 0, -4, -1, 31, -1, 23, 25, -1, 0, 15, 10, 8, 18, -1, 22, 5, 3, 18, 23, 24, 0, 4, 18, -1, 4, 18, 22, 15, 10, 4, 18, -3]

[37, 5, 23, 20, 25, 6, 23, -1, 4, 5, -1, 25, 16, -1, 14, 0, 22, 8, 18, -1, 23, 25, 23, 20, 10, 22, 18, -4, -1, 42, 38, 55, 51, 43, 49, -1, 4, 10, 22, 10, 8, 10, 19, -1, 14, 0, -1, 15, 10, 22, 0, 4, 0, -1, 9, 0, 3, 11, 0, -1, 23, 25, -1, 0, 15, 10, 8, 18, -1, 5, 16, -1, 14, 0, -1, 3, 0, 15, 0, -1, 4, 5, 14, -1, 9, 18, 23, 20, 10, 24, 0, 14, -4, -1, 31, -1, 14, 5, -1, 4, 5, 4, 10, 3, 19, -1, 25, 16, 0, -1, 5, 16, 18, 22, 15, 5, -1, 23, 18, 16, 22, 10, 23, 0, -1, 21, 25, 5, -1, 0, -1, 53, 55, 51, 57, 33, -1, 14, 5, -1, 9, 0, 2, 22, 11, 0, -1, 8, 25, 23, 24, 0, 4, 18, -1, 28, 5, 22, -3, -1, 36, 18, 16, -1, 25, 16, 0, -1, 28, 18, 32, -1, 2, 0, 12, 0, -4, -1, 42, 38, 55, 51, 43, 49, -1, 14, 5, -1, 4, 5, 4, 10, 3, 19, -1, 25, 16, 0, 23, -1, 20, 0, 14, 0, 2, 22, 0, 23, -3, -1, 51, -1, 15, 5, 12, 18, 22, -1, 4, 10, 3, 9, 18, -4, -1, 5, 14, 14, 0, -1, 15, 10, 23, 15, 0, -1, 23, 5, -1, 4, 5, 4, 10, 3, 19, -1, 25, 16, 0, -1, 23, 10, 14, 5, 16, 3, 10, 18, 23, 0, -1, 7, 22, 0, 23, 5, -3]

[42, 38, 55, 51, 43, 49, -13, -1, 48, 5, -1, 22, 10, 16, 4, 18, -3, -1, 57, 5, -1, 24, 5, 16, 4, 22, 6, -1, 21, 25, 5, -1, 5, 16, 23, 5, 17, 0, 22, -1, 15, 25, 3, 9, 0, 23, -1, 3, 18, 23, 0, 23, -4, -1, 53, 55, 51, 57, 33, -3]

[56, 10, 16, -1, 22, 5, 14, 0, 12, 0, 22, -1, 23, 25, -1, 23, 18, 16, 22, 10, 23, 0, -4, -1, 42, 38, 55, 51, 43, 49, -1, 3, 18, 15, 5, 16, 32, 19, -1, 0, -1, 24, 5, 3, 14, 5, 0, 22, -1, 0, 20, 22, 5, 23, 25, 22, 0, 4, 0, 15, 5, 16, 24, 5, -1, 5, 16, -1, 14, 0, -1, 20, 0, 16, 24, 0, 14, 14, 0, -1, 24, 1, 3, 24, 10, 14, -1, 4, 5, -1, 23, 25, -1, 3, 5, 14, 25, 14, 0, 22, -3, -1, 57, 0, 16, 24, 18, 23, -1, 0, 17, 18, 23, -1, 4, 5, -1, 20, 22, 0, 3, 24, 10, 3, 0, -1, 14, 0, -1, 9, 0, 3, 11, 0, 16, -1, 22, 5, 0, 14, 15, 5, 16, 24, 5, -1, 28, 5, 14, 18, 32, -4, -1, 0, 25, 16, 21, 25, 5, -1, 24, 5, 16, 11, 0, -1, 21, 25, 5, -1, 22, 5, 8, 22, 5, 23, 0, 22, -1, 28, 0, 22, 10, 0, 23, -1, 28, 5, 3, 5, 23, -1, 20, 0, 22, 0, -1, 3, 18, 22, 22, 5, 8, 10, 22, -1, 0, 14, 8, 25, 16, 18, 23, -1, 5, 22, 22, 18, 22, 5, 23, -1, 4, 5, -1, 4, 5, 4, 18, -3, -1, 36, 25, 0, 16, 4, 18, -1, 20, 18, 22, -1, 7, 10, 16, -1, 24, 5, 22, 15, 10, 16, 19, -1, 4, 5, -1, 5, 23, 3, 22, 10, 2, 10, 22, -4, -1, 23, 5, -1, 21, 25, 5, 4, 19, -1, 25, 16, -1, 15, 18, 15, 5, 16, 24, 18, -1, 18, 2, 23, 5, 22, 28, 0, 16, 4, 18, -1, 5, 14, -1, 15, 5, 16, 23, 0, 12, 5, -3, -1, 48, 10, 22, 19, -1, 4, 5, -1, 22, 5, 18, 12, 18, -1, 0, -1, 53, 55, 51, 57, 33, -1, 25, 16, -1, 15, 18, 15, 5, 16, 24, 18, -1, 20, 0, 22, 0, -1, 14, 25, 5, 8, 18, -1, 23, 18, 14, 24, 0, 22, -1, 25, 16, -1, 8, 22, 0, 16, -1, 23, 25, 23, 20, 10, 22, 18, -3]

[42, 38, 55, 51, 43, 49, -13, -1, 38, 23, 20, 5, 22, 18, -1, 16, 18, -1, 0, 22, 22, 5, 20, 5, 16, 24, 10, 22, 15, 5, -1, 4, 5, -1, 5, 23, 24, 18, -4, -1, 53, 55, 51, 57, 33, -3]

[47, 25, 5, 8, 18, -1, 5, 16, 28, 10, 19, -1, 5, 14, -1, 15, 5, 16, 23, 0, 12, 5, -4, -1, 31, -1, 23, 5, -1, 21, 25, 5, 4, 19, -1, 15, 10, 22, 0, 16, 4, 18, -1, 14, 0, -1, 20, 0, 16, 24, 0, 14, 14, 0, -1, 20, 18, 22, -1, 25, 16, -1, 15, 18, 15, 5, 16, 24, 18, -1, 15, 1, 23, -4, -1, 3, 18, 16, -1, 25, 16, 0, -1, 23, 18, 16, 22, 10, 23, 0, -1, 0, 15, 0, 2, 14, 5, -4, -1, 0, 25, 16, 21, 25, 5, -1, 3, 18, 16, -1, 25, 16, -1, 24, 18, 21, 25, 5, -1, 4, 5, -1, 24, 22, 10, 23, 24, 5, 32, 0, -1, 24, 0, 15, 2, 10, 6, 16, -3, -1, -7, 38, 23, -1, 28, 5, 22, 4, 0, 4, -1, 21, 25, 5, -1, 5, 23, -1, 10, 15, 20, 18, 23, 10, 2, 14, 5, -1, 16, 18, -1, 14, 0, 23, 24, 10, 15, 0, 22, -1, 0, -1, 16, 0, 4, 10, 5, -3, -1, 49, 25, 16, 3, 0, -1, 15, 5, -1, 0, 3, 18, 23, 24, 25, 15, 2, 22, 0, 22, 6, -1, 0, -1, 5, 23, 24, 18, -7, -4, -1, 20, 5, 16, 23, 19, -1, 42, 38, 55, 51, 43, 49, -4, -1, 14, 5, 31, 5, 16, 4, 18, -1, 25, 16, 0, -1, 31, -1, 18, 24, 22, 0, -1, 28, 5, 32, -1, 5, 14, -1, 3, 9, 0, 24, -1, 4, 18, 16, 4, 5, -1, 9, 0, 2, 11, 0, -1, 5, 16, 28, 10, 0, 4, 18, -1, 5, 14, -1, 15, 5, 16, 23, 0, 12, 5, -13]

[-16, -1, 38, 30, 24, 22, 0, 17, 18, -13]
[42, 18, 14, 0, -4, -1, -10, 64, 0, -1, 9, 0, 23, -1, 20, 5, 16, 23, 0, 4, 18, -1, 14, 0, -1, 20, 22, 18, 20, 25, 5, 23, 24, 0, -1, 21, 25, 5, -1, 24, 5, -1, 9, 10, 3, 5, -9, -1, 49, 18, -1, 20, 25, 5, 4, 18, -1, 22, 5, 23, 10, 23, 24, 10, 22, -1, 14, 0, -1, 5, 23, 20, 5, 22, 0, -4, -1, 4, 10, 12, 10, 23, 24, 5, -1, 21, 25, 5, -1, 0, 16, 24, 5, 23, -1, 24, 5, 16, 11, 0, 23, -1, 21, 25, 5, -1, 0, 23, 5, 8, 25, 22, 0, 22, 24, 5, -1, 4, 5, -1, 0, 14, 8, 18, -3]
[-16, -1, 42, 38, 55, 51, 43, 49, -13]
[42, 18, 14, 0, -3, -1, 56, 11, -4, -1, 31, 0, -1, 14, 18, -1, 9, 5, -1, 20, 5, 16, 23, 0, 4, 18, -1, 15, 25, 31, -1, 2, 10, 5, 16, -4, -1, 20, 5, 22, 18, -1, 15, 5, -1, 24, 5, 15, 18, -1, 21, 25, 5, -1, 16, 18, -1, 20, 25, 5, 4, 18, -1, 3, 18, 22, 22, 5, 23, 20, 18, 16, 4, 5, 22, 24, 5, -3, -1, 47, 18, -1, 23, 10, 5, 16, 24, 18, -3]


[40, 43, 49]


