[53, 55, 51, 57, 33, -1, 3, 5, 22, 22, 19, -1, 14, 18, 23, -1, 18, 12, 18, 23, -4, -1, 31, -1, 22, 5, 23, 20, 10, 22, 19, -1, 20, 22, 18, 7, 25, 16, 4, 0, 15, 5, 16, 24, 5, -3, -1, 36, 18, 15, 5, 16, 32, 19, -1, 0, -1, 5, 16, 24, 22, 0, 22, -1, 5, 16, -1, 25, 16, -1, 5, 23, 24, 0, 4, 18, -1, 15, 5, 4, 10, 24, 0, 2, 25, 16, 4, 18, -4, -1, 18, 14, 28, 10, 4, 0, 16, 4, 18, -1, 14, 0, -1, 5, 30, 10, 23, 24, 5, 16, 3, 10, 0, -1, 4, 5, -1, 24, 18, 4, 18, -1, 0, 21, 25, 5, 14, 14, 18, -1, 21, 25, 5, -1, 14, 5, -1, 22, 18, 4, 5, 0, 2, 0, -3, -1, 43, 16, 3, 14, 25, 23, 18, -4, -1, 20, 18, 22, -1, 23, 25, 20, 25, 5, 23, 24, 18, -4, -1, 0, -1, 42, 38, 55, 51, 43, 49, -3, -1, 56, 5, -1, 3, 18, 16, 3, 5, 16, 24, 22, 19, -1, 5, 16, -1, 23, 5, 16, 24, 10, 22, -1, 23, 25, 23, -1, 20, 22, 18, 20, 10, 18, 23, -1, 14, 0, 24, 10, 4, 18, 23, -4, -1, 23, 25, -1, 20, 22, 18, 20, 10, 0, -1, 22, 5, 23, 20, 10, 22, 0, 3, 10, 19, 16, -1, 31, -1, 14, 0, -1, 28, 10, 2, 22, 0, 3, 10, 19, 16, -1, 21, 25, 5, -1, 3, 0, 25, 23, 0, 2, 0, -1, 14, 0, -1, 3, 18, 16, 23, 24, 0, 16, 24, 5, -1, 24, 5, 16, 23, 10, 19, 16, -1, 4, 5, -1, 23, 25, 23, -1, 15, 26, 23, 3, 25, 14, 18, 23, -1, 31, -1, 9, 25, 5, 23, 18, 23, -3, -1, 56, 18, 14, 18, -1, 5, 23, 18, -1, 5, 30, 10, 23, 24, 11, 0, -1, 20, 0, 22, 0, -1, 6, 14, -4, -1, 16, 0, 4, 0, -1, 15, 1, 23, -3, -1, 49, 18, -1, 20, 18, 4, 11, 0, -1, 20, 5, 22, 15, 10, 24, 10, 22, 23, 5, -1, 5, 16, -1, 5, 23, 24, 5, -1, 15, 18, 15, 5, 16, 24, 18, -1, 20, 5, 22, 4, 5, 22, -1, 14, 18, 23, -1, 5, 23, 24, 22, 10, 2, 18, 23, -4, -1, 24, 5, 16, 11, 0, -1, 21, 25, 5, -1, 3, 18, 16, 3, 5, 16, 24, 22, 0, 22, 23, 5, -1, 23, 18, 14, 18, -1, 5, 16, -1, 5, 12, 5, 3, 25, 24, 0, 22, -4, -1, 16, 18, -1, 5, 16, -1, 20, 22, 5, 4, 5, 3, 10, 22, -4, -1, 16, 10, -1, 23, 10, 21, 25, 10, 5, 22, 0, -1, 5, 16, -1, 23, 5, 16, 24, 10, 22, -3]

[42, 38, 55, 51, 43, 49, -13, -1, -10, 55, 5, 3, 25, 5, 22, 4, 0, 23, -1, 3, 25, 0, 16, 4, 18, -1, 16, 18, 23, -1, 3, 18, 16, 18, 3, 10, 15, 18, 23, -9]

[47, 0, -1, 23, 25, 0, 28, 5, -1, 28, 18, 32, -1, 4, 5, -1, 42, 38, 55, 51, 43, 49, -1, 23, 0, 3, 19, -1, 0, -1, 53, 55, 51, 57, 33, -1, 4, 5, -1, 23, 25, -1, 20, 22, 18, 7, 25, 16, 4, 18, -1, 24, 22, 0, 16, 3, 5, -3, -1, 49, 18, -1, 9, 0, 2, 11, 0, -1, 14, 18, 8, 22, 0, 4, 18, -1, 24, 22, 0, 16, 21, 25, 10, 14, 10, 32, 0, 22, -1, 23, 25, -1, 20, 22, 18, 20, 10, 18, -1, 3, 25, 5, 22, 20, 18, -1, 20, 0, 22, 0, -1, 3, 18, 16, 24, 10, 16, 25, 0, 22, -1, 0, 21, 25, 5, 14, 14, 18, -1, 21, 25, 5, -1, 6, 14, -1, 15, 10, 23, 15, 18, -1, 9, 0, 2, 11, 0, -1, 3, 18, 15, 5, 16, 32, 0, 16, 4, 18, -4, -1, 3, 25, 0, 16, 4, 18, -1, 23, 25, -1, 0, 15, 0, 4, 0, -1, 7, 25, 5, -1, 14, 0, -1, 21, 25, 5, -1, 4, 5, 3, 10, 4, 10, 19, -1, 22, 18, 15, 20, 5, 22, -1, 5, 14, -1, 23, 10, 14, 5, 16, 3, 10, 18, -3, -1, 53, 55, 51, 57, 33, -1, 20, 0, 22, 5, 3, 11, 0, -1, 4, 5, 23, 3, 18, 14, 18, 3, 0, 4, 18, -1, 0, 16, 24, 5, -1, 5, 23, 24, 0, -1, 23, 10, 24, 25, 0, 3, 10, 19, 16, -5, -1, 16, 18, -1, 5, 23, 20, 5, 22, 0, 2, 0, -1, 21, 25, 5, -1, 42, 38, 55, 51, 43, 49, -1, 4, 10, 12, 5, 22, 0, -1, 0, 14, 8, 18, -3, -1, 54, 25, 10, 32, 1, 23, -4, -1, 23, 18, 14, 18, -1, 23, 5, -1, 14, 0, -1, 10, 15, 0, 8, 10, 16, 0, 2, 0, -1, 0, 2, 25, 22, 22, 10, 4, 0, -1, 31, -1, 15, 0, 22, 3, 9, 1, 16, 4, 18, 23, 5, -1, 4, 5, 23, 20, 25, 6, 23, -1, 4, 5, -1, 9, 0, 2, 5, 22, -1, 24, 22, 18, 16, 0, 4, 18, -1, 14, 0, -1, 14, 5, 16, 8, 25, 0, -3]

[53, 55, 51, 57, 33, -13, -1, -10, 38, 9, -9]
[42, 38, 55, 51, 43, 49, -13, -1, 54, 25, 6, -1, 23, 10, -1, 22, 5, 3, 25, 5, 22, 4, 0, 23, -1, 3, 25, 0, 16, 4, 18, -1, 16, 18, 23, -1, 3, 18, 16, 18, 3, 10, 15, 18, 23, -3, -1, 40, 25, 5, -1, 5, 16, -1, 5, 14, -1, 3, 25, 22, 23, 18, -1, 4, 5, -1, 10, 16, 4, 25, 3, 3, 10, 19, 16, -1, 3, 25, 0, 16, 4, 18, -1, 5, 16, 24, 22, 0, 15, 18, 23, -1, 5, 16, -1, 14, 0, -1, 25, 16, 10, 28, 5, 22, 23, 10, 4, 0, 4, -3]
[53, 55, 51, 57, 33, -13, -1, 33, -6, 0, 9, -4, -1, 23, 11, -4, -1, -10, 36, 19, 15, 18, -1, 18, 14, 28, 10, 4, 0, 22, 14, 18, -9, -1, 38, 23, 24, 0, 2, 0, -1, 15, 25, 31, -1, 5, 15, 18, 3, 10, 18, 16, 0, 4, 18, -1, 20, 18, 22, -1, 3, 18, 15, 5, 16, 32, 0, 22, -1, 0, -1, 5, 23, 24, 25, 4, 10, 0, 22, -1, 0, 21, 25, 5, 14, 14, 18, -1, 21, 25, 5, -1, 15, 5, -1, 8, 25, 23, 24, 0, 2, 0, -3]
[42, 38, 55, 51, 43, 49, -13, -1, 64, 18, -1, 10, 8, 25, 0, 14, -3, -1, 56, 0, 2, 5, 23, -4, -1, 24, 5, 16, 11, 0, -1, 0, 14, 8, 18, -1, 4, 5, -1, 15, 10, 5, 4, 18, -1, 3, 25, 0, 16, 4, 18, -1, 14, 14, 5, 8, 25, 6, -1, 0, 14, -1, 3, 25, 22, 23, 18, -3, -1, 37, 10, 8, 18, -4, -1, -10, 36, 25, 1, 16, 24, 0, 23, -1, 15, 25, 12, 5, 22, 5, 23, -1, 4, 5, 3, 10, 4, 5, 16, -1, 5, 23, 24, 25, 4, 10, 0, 22, -1, 7, 11, 23, 10, 3, 0, -9, -1, 48, 10, 23, -1, 0, 15, 10, 8, 0, 23, -1, 5, 16, -1, 14, 0, -1, 20, 22, 5, 20, 0, -1, 23, 10, 5, 15, 20, 22, 5, -1, 15, 5, -1, 15, 10, 22, 0, 22, 18, 16, -1, 22, 0, 22, 18, -1, 3, 25, 0, 16, 4, 18, -1, 14, 5, 23, -1, 3, 18, 15, 5, 16, 24, 0, 2, 0, -1, 15, 10, 23, -1, 0, 23, 20, 10, 22, 0, 3, 10, 18, 16, 5, 23, -1, 20, 22, 18, 7, 5, 23, 10, 18, 16, 0, 14, 5, 23, -3, -1, 64, -1, 15, 11, -1, 7, 0, 15, 10, 14, 10, 0, -1, 16, 10, -1, 23, 5, -1, 4, 10, 8, 0, -3]

[53, 55, 51, 57, 33, -1, 23, 5, -1, 9, 0, 2, 11, 0, -1, 21, 25, 5, 4, 0, 4, 18, -1, 2, 18, 21, 25, 10, 0, 2, 10, 5, 22, 24, 18, -3, -1, 42, 38, 55, 51, 43, 49, -1, 16, 25, 16, 3, 0, -1, 14, 5, -1, 9, 0, 2, 11, 0, -1, 3, 18, 16, 24, 0, 4, 18, -1, 5, 23, 24, 0, -1, 9, 10, 23, 24, 18, 22, 10, 0, -1, 0, 16, 24, 5, 23, -4, -1, 5, 16, -1, 16, 10, 16, 8, 26, 16, -1, 15, 18, 15, 5, 16, 24, 18, -1, 21, 25, 5, -1, 20, 0, 23, 0, 22, 18, 16, -1, 12, 25, 16, 24, 18, 23, -1, 14, 25, 5, 8, 18, -1, 4, 5, -1, 3, 18, 16, 18, 3, 5, 22, 23, 5, -1, 4, 18, 23, -1, 0, 17, 18, 23, -1, 0, 24, 22, 1, 23, -3, -1, -7, 47, 0, -1, 28, 5, 22, 4, 0, 4, -1, 5, 23, -1, 21, 25, 5, -1, 16, 25, 16, 3, 0, -1, 14, 5, -1, 20, 22, 5, 8, 25, 16, 24, 6, -1, 23, 18, 2, 22, 5, -1, 5, 23, 18, -7, -4, -1, 20, 5, 16, 23, 19, -3]

[42, 38, 55, 51, 43, 49, -13, -1, 36, 25, 0, 16, 4, 18, -1, 14, 14, 5, 8, 25, 6, -1, 0, 14, -1, 0, 25, 4, 10, 24, 18, 22, 10, 18, -4, -1, 15, 5, -1, 20, 25, 23, 5, -1, 15, 25, 31, -1, 7, 5, 14, 10, 32, -1, 4, 5, -1, 28, 5, 22, -1, 0, -1, 15, 25, 3, 9, 0, 23, -1, 3, 9, 10, 3, 0, 23, -1, 3, 18, 15, 18, -1, 31, 18, -1, 21, 25, 5, -1, 24, 0, 15, 2, 10, 6, 16, -1, 9, 0, 2, 11, 0, 16, -1, 4, 5, 3, 10, 4, 10, 4, 18, -1, 5, 15, 20, 22, 5, 16, 4, 5, 22, -1, 15, 10, -1, 15, 10, 23, 15, 18, -1, 3, 0, 15, 10, 16, 18, -3, -1, 48, 10, 22, 0, 2, 0, -1, 4, 5, -1, 25, 16, -1, 14, 0, 4, 18, -1, 0, -1, 18, 24, 22, 18, -1, 20, 5, 16, 23, 0, 16, 4, 18, -1, 3, 25, 0, 16, 24, 0, 23, -1, 0, 15, 10, 8, 0, 23, -1, 20, 18, 4, 22, 11, 0, -1, 5, 16, 3, 18, 16, 24, 22, 0, 22, -3, -1, 56, 25, 20, 18, 16, 11, 0, -1, 21, 25, 5, -1, 5, 16, 3, 18, 16, 24, 22, 0, 22, 11, 0, -1, 0, -1, 25, 16, 0, -1, 15, 5, 12, 18, 22, -1, 0, 15, 10, 8, 0, -1, 0, 21, 25, 11, -3]
[53, 55, 51, 57, 33, -13, -1, -10, 38, 16, -1, 5, 23, 18, -1, 20, 5, 16, 23, 0, 2, 0, 23, -9, -1, 55, 5, 3, 25, 5, 22, 4, 18, -1, 21, 25, 5, -1, 24, 5, -1, 28, 10, -1, 31, -1, 15, 10, 22, 0, 2, 0, 23, -1, 4, 5, -1, 25, 16, -1, 14, 0, 4, 18, -1, 0, -1, 18, 24, 22, 18, -1, 3, 18, 15, 18, -1, 16, 10, 17, 0, -1, 5, 16, -1, 4, 25, 14, 3, 5, 22, 11, 0, -3, -1, 47, 18, -1, 20, 22, 10, 15, 5, 22, 18, -1, 21, 25, 5, -1, 20, 5, 16, 23, 6, -1, 7, 25, 5, -1, -7, -10, 64, -1, 0, -1, 5, 23, 24, 0, -1, 21, 25, 5, -1, 14, 5, -1, 20, 0, 23, 0, -9, -7]
[42, 38, 55, 51, 43, 49, -13, -1, -10, 38, 16, -1, 23, 5, 22, 10, 18, -9, -1, 54, 25, 6, -1, 20, 5, 16, 0, -3, -1, 38, 23, -1, 9, 18, 22, 22, 10, 2, 14, 5, -1, 22, 5, 3, 18, 22, 4, 0, 22, -1, 14, 18, -1, 21, 25, 5, -1, 7, 25, 10, 23, 24, 5, -1, 5, 16, -1, 5, 14, -1, 20, 0, 23, 0, 4, 18, -3, -1, 57, 5, -1, 4, 0, 23, -1, 3, 25, 5, 16, 24, 0, -1, 4, 5, -1, 14, 18, -1, 10, 16, 8, 5, 16, 25, 18, -1, 31, -1, 24, 18, 16, 24, 18, -1, 21, 25, 5, -1, 5, 22, 0, -1, 24, 25, -1, 28, 10, 23, 10, 19, 16, -1, 4, 5, 14, -1, 15, 25, 16, 4, 18, -3]
[53, 55, 51, 57, 33, -13, -1, 57, 10, 5, 16, 5, 23, -1, 22, 0, 32, 19, 16, -3]

[47, 0, -1, 3, 9, 0, 22, 14, 0, -1, 5, 16, 24, 22, 5, -1, 53, 55, 51, 57, 33, -1, 31, -1, 42, 38, 55, 51, 43, 49, -1, 9, 0, 2, 11, 0, -1, 3, 0, 15, 2, 10, 0, 4, 18, -1, 25, 16, -1, 20, 18, 3, 18, -1, 4, 5, -1, 3, 18, 14, 18, 22, -3, -1, 33, 14, -1, 3, 9, 10, 3, 18, -1, 14, 5, -1, 20, 22, 5, 18, 3, 25, 20, 0, 2, 0, -1, 15, 25, 3, 9, 18, -1, 5, 23, 24, 18, -4, -1, 20, 5, 22, 18, -1, 0, -1, 23, 25, -1, 28, 5, 32, -1, 14, 5, -1, 3, 18, 16, 7, 25, 16, 4, 11, 0, -1, 14, 0, -1, 3, 14, 0, 23, 5, -1, 4, 5, -1, 24, 5, 15, 0, 23, -1, 21, 25, 5, -1, 5, 23, 24, 0, 2, 0, 16, -1, 24, 22, 0, 24, 0, 16, 4, 18, -3, -1, 49, 25, 16, 3, 0, -1, 9, 0, 2, 11, 0, 16, -1, 24, 18, 3, 0, 4, 18, -1, 24, 5, 15, 0, 23, -1, 24, 0, 16, -1, 20, 22, 18, 7, 25, 16, 4, 18, 23, -1, 3, 18, 15, 18, -1, 14, 18, 23, -1, 23, 5, 16, 24, 10, 15, 10, 5, 16, 24, 18, 23, -4, -1, 23, 25, 23, -1, 3, 9, 0, 22, 14, 0, 23, -1, 23, 10, 5, 15, 20, 22, 5, -1, 7, 25, 5, 22, 18, 16, -1, 15, 25, 31, -1, 23, 25, 20, 5, 22, 7, 10, 3, 10, 0, 14, 5, 23, -3, -1, 53, 22, 5, 8, 25, 16, 24, 0, 22, -1, 3, 18, 15, 18, -1, 24, 5, -1, 7, 25, 5, -1, 5, 16, -1, 25, 16, -1, 5, 30, 0, 15, 5, 16, -4, -1, 14, 0, -1, 3, 0, 14, 10, 4, 0, 4, -1, 31, -1, 5, 14, -1, 3, 0, 22, 1, 3, 24, 5, 22, -1, 4, 5, -1, 25, 16, -1, 20, 22, 18, 7, 5, 23, 18, 22, -4, -1, 14, 0, -1, 3, 5, 22, 28, 5, 32, 0, -1, 7, 0, 28, 18, 22, 10, 24, 0, -4, -1, 14, 0, 23, -1, 20, 5, 14, 11, 3, 25, 14, 0, 23, -1, 7, 0, 28, 18, 22, 10, 24, 0, 23, -4, -1, 5, 24, 3, 6, 24, 5, 22, 0, -3]

[42, 38, 55, 51, 43, 49, -13, -1, 35, 25, 5, 16, 18, -4, -1, 3, 25, 0, 16, 4, 18, -1, 24, 5, 22, 15, 10, 16, 19, -1, 14, 0, -1, 23, 5, 23, 10, 19, 16, -1, 10, 16, 7, 18, 22, 15, 0, 24, 10, 28, 0, -1, 31, -1, 5, 14, -1, 20, 5, 21, 25, 5, 17, 18, -1, 22, 5, 3, 18, 22, 22, 10, 4, 18, -1, 21, 25, 5, -1, 16, 18, 23, -1, 4, 10, 5, 22, 18, 16, -1, 20, 18, 22, -1, 5, 14, -1, 3, 0, 15, 20, 25, 23, -4, -1, 3, 18, 15, 5, 16, 32, 19, -1, 25, 16, 0, -1, 3, 18, 16, 28, 10, 28, 5, 16, 3, 10, 0, -3, -1, -10, 55, 5, 3, 25, 5, 22, 4, 0, 23, -9]
[53, 55, 51, 57, 33, -13, -1, 53, 18, 22, -1, 23, 25, 20, 25, 5, 23, 24, 18, -3, -1, 42, 0, 2, 11, 0, -1, 15, 25, 3, 9, 0, -1, 3, 18, 15, 10, 4, 0, -1, 21, 25, 5, -1, 14, 18, 23, -1, 20, 22, 18, 7, 5, 23, 18, 22, 5, 23, -1, 31, -1, 4, 18, 3, 24, 18, 22, 5, 23, -1, 9, 0, 2, 11, 0, 16, -1, 18, 22, 8, 0, 16, 10, 32, 0, 4, 18, -3, -1, 40, 25, 5, -1, 5, 16, -1, 5, 23, 5, -1, 15, 18, 15, 5, 16, 24, 18, -1, 5, 16, -1, 4, 18, 16, 4, 5, -1, 24, 5, -1, 3, 18, 16, 18, 3, 11, -3]
[42, 38, 55, 51, 43, 49, -13, -1, 56, 11, -4, -1, 15, 5, -1, 9, 0, 2, 11, 0, 23, -1, 18, 7, 22, 5, 3, 10, 4, 18, -1, 25, 16, 0, -1, 15, 10, 16, 10, -1, 24, 18, 22, 24, 0, -1, 0, 9, 18, 8, 0, 4, 0, -1, 21, 25, 5, -1, 16, 18, -1, 24, 5, -1, 20, 25, 4, 10, 23, 24, 5, -1, 3, 18, 15, 5, 22, -3, -1, 48, 5, -1, 23, 0, 3, 0, 23, 24, 5, -1, 4, 5, -1, 18, 16, 4, 0, -1, 2, 10, 5, 16, -1, 3, 0, 2, 22, 19, 16, -1, 53, 55, 51, 57, 33, -4, -1, -16, 12, 0, 12, 0, 12, 0, 12, 0, -16, -3]
[53, 55, 51, 57, 33, -13, -1, 35, -6, 2, 25, 5, 16, 18, -4, -1, 9, 0, 2, 11, 0, -1, 3, 18, 15, 10, 4, 18, -1, 15, 25, 3, 9, 18, -1, 31, -1, 28, 10, -1, 21, 25, 5, -1, 24, 26, -1, 3, 0, 23, 10, -1, 16, 18, -4, -1, 0, 23, 11, -1, 21, 25, 5, -1, 15, 5, -1, 20, 0, 22, 5, 3, 10, 19, -1, 15, 25, 31, -1, 16, 0, 24, 25, 22, 0, 14, -3, -1, 33, 25, 16, 21, 25, 5, -1, 23, 11, -4, -1, 7, 25, 5, -1, 25, 16, -1, 4, 5, 23, 0, 23, 24, 22, 5, -4, -1, 24, 5, -1, 22, 5, 11, 0, 23, -1, 24, 0, 16, -1, 7, 25, 5, 22, 24, 5, -1, 3, 18, 15, 18, -1, 0, 9, 18, 22, 0, -4, -1, -10, 33, 26, 16, -1, 16, 18, -1, 14, 18, -1, 23, 25, 20, 5, 22, 0, 23, -9]

[47, 0, -1, 3, 9, 10, 3, 0, -1, 23, 5, -1, 0, 2, 22, 0, 32, 0, 2, 0, -1, 5, 14, -1, 0, 2, 4, 18, 15, 5, 16, -1, 20, 18, 22, -1, 5, 14, -1, 4, 18, 14, 18, 22, -1, 21, 25, 5, -1, 14, 5, -1, 3, 0, 25, 23, 0, 2, 0, 16, -1, 14, 0, 23, -1, 5, 23, 24, 22, 25, 5, 16, 4, 18, 23, 0, 23, -1, 3, 0, 22, 3, 0, 12, 0, 4, 0, 23, -1, 21, 25, 5, -1, 14, 0, -1, 20, 18, 23, 5, 31, 5, 22, 18, 16, -3, -1, 38, 23, 24, 5, -1, 5, 22, 0, -1, 25, 16, -1, 24, 5, 15, 0, -1, 21, 25, 5, -1, 42, 38, 55, 51, 43, 49, -1, 23, 18, 14, 11, 0, -1, 22, 5, 24, 18, 15, 0, 22, -1, 0, -1, 15, 5, 16, 25, 4, 18, -1, 20, 0, 22, 0, -1, 20, 18, 4, 5, 22, -1, 2, 25, 22, 14, 0, 22, 23, 5, -1, 4, 5, -1, 14, 0, -1, 7, 22, 10, 28, 18, 14, 10, 4, 0, 4, -1, 4, 5, -1, 23, 25, -1, 0, 15, 10, 8, 18, -3, -1, 53, 55, 51, 57, 33, -1, 24, 0, 22, 4, 19, -1, 15, 5, 23, 5, 23, -1, 5, 16, -1, 5, 16, 24, 5, 16, 4, 5, 22, -1, 21, 25, 5, -1, 5, 23, 0, -1, 16, 18, -1, 5, 22, 0, -1, 25, 16, 0, -1, 0, 3, 3, 10, 19, 16, -1, 21, 25, 5, -1, 23, 5, -1, 9, 0, 3, 11, 0, -1, 3, 18, 16, -1, 25, 16, -1, 4, 5, 23, 3, 18, 16, 18, 3, 10, 4, 18, -3]

[42, 38, 55, 51, 43, 49, -13, -1, 64, 18, -1, 16, 25, 16, 3, 0, -1, 14, 18, -1, 20, 18, 4, 22, 6, -1, 23, 25, 20, 5, 22, 0, 22, -4, -1, 12, 0, 12, 0, 12, 0, -3, -1, 49, 25, 16, 3, 0, -1, 24, 5, -1, 14, 18, -1, 3, 18, 16, 24, 6, -4, -1, 20, 5, 22, 18, -1, 0, 16, 24, 5, 23, -1, 4, 5, -1, 21, 25, 5, -1, 15, 5, -1, 18, 7, 22, 5, 3, 10, 5, 22, 0, 23, -1, 5, 23, 0, -1, 24, 18, 22, 24, 0, -1, 0, 9, 18, 8, 0, 4, 0, -4, -1, 9, 0, 2, 11, 0, -1, 10, 16, 24, 5, 16, 24, 0, 4, 18, -1, 0, 3, 5, 22, 3, 0, 22, 15, 5, -1, 0, -1, 14, 0, 23, -1, 3, 9, 10, 3, 0, 23, -3, -1, 38, 22, 0, -1, 15, 10, -1, 20, 14, 0, 16, -4, -1, 4, 5, 23, 20, 25, 6, 23, -1, 4, 5, -1, 15, 10, 23, -1, 0, 14, 25, 3, 10, 16, 0, 3, 10, 18, 16, 5, 23, -1, 3, 25, 0, 16, 4, 18, -1, 14, 14, 5, 8, 25, 6, -1, 0, -1, 14, 0, -1, 23, 5, 23, 10, 19, 16, -1, 10, 16, 7, 18, 22, 15, 0, 24, 10, 28, 0, -3, -1, 53, 5, 22, 18, -3, -3, -3]

[37, 5, -1, 20, 22, 18, 16, 24, 18, -4, -1, 14, 0, -1, 23, 18, 16, 22, 10, 23, 0, -1, 4, 5, -1, 42, 38, 55, 51, 43, 49, -1, 23, 5, -1, 9, 0, 2, 11, 0, -1, 4, 5, 23, 28, 0, 16, 5, 3, 10, 4, 18, -1, 25, 16, -1, 20, 18, 3, 18, -3, -1, 56, 25, 23, -1, 14, 0, 2, 10, 18, 23, -1, 3, 18, 15, 5, 16, 32, 0, 22, 18, 16, -1, 0, -1, 7, 18, 22, 15, 0, 22, -1, 25, 16, -1, 14, 10, 8, 5, 22, 18, -1, 20, 25, 3, 9, 5, 22, 18, -4, -1, 3, 18, 15, 18, -1, 22, 5, 23, 10, 23, 24, 10, 6, 16, 4, 18, 23, 5, -1, 0, -1, 14, 0, 23, -1, 8, 0, 16, 0, 23, -1, 4, 5, -1, 14, 14, 18, 22, 0, 22, -3, -1, 53, 55, 51, 57, 33, -1, 16, 18, -1, 5, 16, 24, 5, 16, 4, 10, 19, -1, 21, 25, 5, -1, 5, 22, 0, -1, 14, 18, -1, 21, 25, 5, -1, 5, 23, 24, 0, 2, 0, -1, 18, 3, 0, 23, 10, 18, 16, 0, 16, 4, 18, -1, 5, 14, -1, 24, 22, 5, 15, 5, 16, 4, 18, -1, 8, 10, 22, 18, -1, 5, 16, -1, 14, 0, 23, -1, 5, 15, 18, 3, 10, 18, 16, 5, 23, -1, 4, 5, -1, 42, 38, 55, 51, 43, 49, -3]

[42, 38, 55, 51, 43, 49, -13, -1, 53, 5, 22, 18, -1, 14, 0, 23, -1, 3, 9, 10, 3, 0, 23, -1, 16, 18, -1, 24, 5, 16, 11, 0, 16, -1, 10, 16, 24, 5, 16, 23, 10, 18, 16, 5, 23, -1, 4, 5, -1, 9, 0, 2, 14, 0, 22, 15, 5, -3, -1, 36, 25, 0, 16, 4, 18, -1, 15, 5, -1, 0, 3, 5, 22, 3, 0, 2, 0, -1, 0, -1, 5, 14, 14, 0, 23, -4, -1, 0, -1, 5, 23, 18, 23, -1, 8, 22, 25, 20, 18, 23, -1, 21, 25, 5, -1, 23, 0, 2, 11, 0, -1, 21, 25, 5, -1, 5, 22, 0, 16, -1, 22, 5, 3, 10, 6, 16, -1, 7, 18, 22, 15, 0, 4, 18, 23, -4, -1, 23, 5, -1, 3, 0, 14, 14, 0, 2, 0, 16, -1, 31, -1, 15, 5, -1, 14, 0, 16, 32, 0, 2, 0, 16, -1, 15, 10, 22, 0, 4, 0, 23, -1, 0, 3, 25, 23, 0, 4, 18, 22, 0, 23, -3, -1, 38, 22, 0, -1, 5, 28, 10, 4, 5, 16, 24, 5, -1, 21, 25, 5, -1, 16, 18, -1, 15, 5, -1, 21, 25, 5, 22, 11, 0, 16, -1, 3, 5, 22, 3, 0, -3]
[53, 55, 51, 57, 33, -13, -1, -10, 38, 16, -1, 23, 5, 22, 10, 18, -9, -1, 49, 18, -1, 24, 5, 16, 11, 0, -1, 10, 4, 5, 0, -3, -1, 53, 5, 22, 18, -4, -1, -10, 49, 18, -1, 3, 18, 15, 5, 16, 32, 0, 23, 24, 5, -1, 0, -1, 14, 14, 5, 28, 0, 22, 24, 5, -1, 2, 10, 5, 16, -1, 3, 18, 16, -1, 14, 0, 23, -1, 15, 18, 22, 22, 0, 23, -1, 4, 5, -1, 16, 25, 5, 23, 24, 22, 0, -1, 8, 5, 16, 5, 22, 0, 3, 10, 19, 16, -1, 14, 25, 5, 8, 18, -9]
[42, 38, 55, 51, 43, 49, -13, -1, 35, 25, 5, 16, 18, -4, -1, 25, 16, -1, 20, 18, 3, 18, -4, -1, 23, 11, -3, -1, 33, 25, 16, 21, 25, 5, -1, 16, 18, -1, 14, 0, 23, -1, 23, 10, 5, 16, 24, 18, -1, 24, 0, 16, -1, 3, 5, 22, 3, 0, 16, 0, 23, -3, -1, 38, 23, 24, 18, -1, 3, 0, 23, 10, -1, 23, 10, 5, 15, 20, 22, 5, -1, 15, 5, -1, 20, 0, 23, 0, -1, 3, 25, 0, 16, 4, 18, -1, 3, 18, 16, 18, 32, 3, 18, -1, 0, -1, 0, 14, 8, 25, 10, 5, 16, -3, -1, 48, 5, -1, 9, 0, 16, -1, 4, 10, 3, 9, 18, -1, 21, 25, 5, -1, 14, 5, 23, -1, 20, 0, 22, 5, 32, 3, 18, -1, 20, 22, 5, 23, 25, 15, 10, 4, 0, -3]
[53, 55, 51, 57, 33, -13, -1, -10, 53, 22, 5, 23, 25, 15, 10, 4, 0, -9, -1, -12, 45, 0, -11, -1, 56, 10, -1, 14, 18, -1, 26, 16, 10, 3, 18, -1, 21, 25, 5, -1, 20, 22, 5, 23, 25, 15, 5, 23, -1, 5, 23, -1, 21, 25, 5, -1, 24, 5, -1, 24, 18, 15, 0, 23, -1, 25, 16, -1, 14, 10, 24, 22, 18, -1, 4, 5, -1, 3, 9, 5, 14, 0, -1, 5, 16, -1, 15, 5, 16, 18, 23, -1, 4, 5, -1, -24, -26, -1, 23, 5, 8, 25, 16, 4, 18, 23, -3]

[33, 15, 2, 18, 23, -1, 3, 18, 15, 5, 16, 32, 0, 22, 18, 16, -1, 0, -1, 22, 5, 11, 22, -3, -1, 53, 55, 51, 57, 33, -1, 9, 10, 32, 18, -1, 25, 16, -1, 10, 16, 24, 5, 16, 24, 18, -1, 15, 25, 31, -1, 3, 5, 22, 24, 5, 22, 18, -1, 20, 0, 22, 0, -1, 0, 14, 10, 28, 10, 0, 22, -1, 25, 16, -1, 20, 18, 3, 18, -1, 14, 0, -1, 5, 30, 20, 22, 5, 23, 10, 19, 16, -1, 4, 5, -1, 42, 38, 55, 51, 43, 49, -3, -1, 49, 18, -1, 14, 5, -1, 8, 25, 23, 24, 0, 2, 0, -1, 28, 5, 22, 14, 0, -1, 0, 23, 11, -3, -1, 43, 16, 3, 14, 25, 23, 18, -1, 3, 25, 0, 16, 4, 18, -1, 14, 0, -1, 15, 25, 12, 5, 22, -1, 23, 5, -1, 5, 15, 2, 18, 22, 22, 0, 3, 9, 0, 2, 0, -1, 31, -1, 3, 18, 15, 5, 16, 32, 0, 2, 0, -1, 0, -1, 14, 14, 18, 22, 0, 22, -1, 20, 18, 22, -1, 3, 25, 0, 14, 21, 25, 10, 5, 22, -1, 22, 0, 32, 19, 16, -4, -1, 53, 55, 51, 57, 33, -1, 23, 10, 5, 15, 20, 22, 5, -1, 9, 0, 3, 11, 0, -1, 14, 18, -1, 10, 15, 20, 18, 23, 10, 2, 14, 5, -1, 20, 0, 22, 0, -1, 9, 0, 3, 5, 22, 14, 0, -1, 22, 5, 11, 22, -3, -1, 49, 18, -1, 23, 10, 5, 15, 20, 22, 5, -1, 14, 18, -1, 14, 18, 8, 22, 0, 2, 0, -1, 31, -1, 24, 5, 22, 15, 10, 16, 0, 2, 0, -1, 14, 14, 18, 22, 0, 16, 4, 18, -1, 24, 0, 15, 2, 10, 6, 16, -3]

[42, 38, 55, 51, 43, 49, -13, -1, 53, 25, 5, 23, -1, 0, 23, 11, -1, 7, 25, 5, -3, -1, 38, 23, 24, 0, 2, 0, -1, 24, 0, 16, -1, 4, 5, 20, 22, 10, 15, 10, 4, 0, -1, 21, 25, 5, -1, 16, 10, -1, 23, 10, 21, 25, 10, 5, 22, 0, -1, 20, 25, 4, 5, -1, 3, 18, 15, 5, 22, -3, -1, 56, 10, 16, 3, 5, 22, 0, 15, 5, 16, 24, 5, -1, 31, 0, -1, 5, 23, 24, 0, 2, 0, -1, 20, 14, 0, 16, 5, 0, 16, 4, 18, -1, 10, 22, 15, 5, -1, 4, 5, -1, 0, 9, 11, -5, -1, 5, 23, 24, 0, 2, 0, -1, 0, -1, 20, 25, 16, 24, 18, -1, 4, 5, -1, 14, 14, 18, 22, 0, 22, -1, 31, -1, 16, 18, -1, 21, 25, 5, 22, 11, 0, -1, 21, 25, 5, -1, 16, 0, 4, 10, 5, -1, 15, 5, -1, 28, 10, 5, 22, 0, -3, -1, 53, 5, 22, 18, -1, 15, 10, 5, 16, 24, 22, 0, 23, -1, 5, 23, 24, 0, 2, 0, -1, 20, 5, 16, 23, 0, 16, 4, 18, -1, 5, 16, -1, 5, 23, 18, -4, -1, 14, 14, 5, 8, 0, 23, 24, 5, -1, 24, 26, -1, 31, -1, 14, 0, -1, 24, 18, 22, 24, 0, -1, 0, 9, 18, 8, 0, 4, 0, -3, -1, 48, 5, -1, 9, 0, 2, 11, 0, 23, -1, 9, 5, 3, 9, 18, -1, 5, 14, -1, 4, 11, 0, -4, -1, 31, -1, 15, 5, -1, 21, 25, 5, 4, 6, -1, 3, 18, 16, 24, 10, 8, 18, -1, 31, -1, 14, 18, 23, -1, 4, 5, 15, 1, 23, -1, 3, 9, 10, 3, 18, 23, -3]
[53, 55, 51, 57, 33, -13, -1, 56, 11, -4, -1, 14, 18, 23, -1, 22, 5, 3, 25, 5, 22, 4, 18, -3, -1, 49, 25, 5, 23, 24, 22, 18, -1, 0, 16, 24, 10, 8, 25, 18, -1, 8, 22, 25, 20, 18, -1, 4, 5, -1, 5, 23, 24, 25, 4, 10, 18, -1, 31, -1, 0, 14, 3, 18, 9, 18, 14, -3]
[42, 38, 55, 51, 43, 49, -13, -1, 33, 23, 11, -1, 5, 23, -3, -1, 48, 5, -1, 20, 25, 23, 5, -1, 15, 25, 31, -1, 24, 22, 10, 23, 24, 5, -1, 3, 25, 0, 16, 4, 18, -1, 4, 5, 23, 5, 22, 24, 0, 22, 18, 16, -1, 4, 5, -1, 14, 0, -1, 3, 0, 22, 22, 5, 22, 0, -1, 31, -1, 23, 5, -1, 7, 25, 5, 22, 18, 16, -1, 0, -1, 18, 24, 22, 18, -1, 14, 0, 4, 18, -3]
[53, 55, 51, 57, 33, -13, -1, 35, 25, 5, 16, 18, -4, -1, 16, 18, -1, 5, 23, -1, 25, 16, 0, -1, 3, 0, 22, 22, 5, 22, 0, -1, 7, 1, 3, 10, 14, -3, -1, 43, 16, 3, 14, 25, 23, 18, -1, 31, 18, -1, 15, 5, -1, 23, 0, 14, 11, -3]

[47, 0, -1, 23, 18, 16, 22, 10, 23, 0, -1, 4, 5, -1, 42, 38, 55, 51, 43, 49, -1, 9, 0, 2, 11, 0, -1, 28, 25, 5, 14, 24, 18, -1, 0, -1, 4, 5, 23, 0, 20, 0, 22, 5, 3, 5, 22, -3, -1, 53, 55, 51, 57, 33, -1, 4, 5, 23, 5, 19, -1, 20, 18, 4, 5, 22, -1, 22, 5, 8, 22, 5, 23, 0, 22, -1, 5, 14, -1, 24, 10, 5, 15, 20, 18, -1, 31, -1, 16, 18, -1, 9, 0, 2, 5, 22, -1, 4, 10, 3, 9, 18, -1, 5, 23, 0, 23, -1, 20, 0, 14, 0, 2, 22, 0, 23, -3, -1, 38, 23, 24, 0, 2, 0, 16, -1, 24, 0, 16, -1, 2, 10, 5, 16, -4, -1, 31, -1, 14, 18, -1, 9, 0, 2, 11, 0, -1, 5, 3, 9, 0, 4, 18, -1, 0, -1, 20, 5, 22, 4, 5, 22, -3, -1, 38, 16, -1, 28, 5, 22, 4, 0, 4, -1, 14, 5, -1, 4, 18, 14, 11, 0, -1, 28, 5, 22, 14, 0, -1, 24, 0, 16, -1, 24, 22, 10, 23, 24, 5, -3]

[42, 38, 55, 51, 43, 49, -13, -1, 37, 5, 2, 18, -1, 3, 18, 16, 7, 5, 23, 0, 22, -1, 21, 25, 5, -1, 3, 25, 0, 16, 4, 18, -1, 15, 5, -1, 4, 10, 12, 10, 23, 24, 5, -1, 21, 25, 5, -1, 24, 5, -1, 23, 0, 14, 4, 22, 11, 0, 23, -1, 4, 5, -1, 14, 0, -1, 3, 0, 22, 22, 5, 22, 0, -4, -1, 15, 5, -1, 20, 25, 23, 5, -1, 15, 25, 31, -1, 24, 22, 10, 23, 24, 5, -3, -1, 58, 16, -1, 23, 5, 15, 5, 23, 24, 22, 5, -1, 0, 24, 22, 1, 23, -1, 23, 5, -1, 9, 0, 2, 11, 0, -1, 22, 5, 24, 10, 22, 0, 4, 18, -1, 5, 14, -1, 26, 14, 24, 10, 15, 18, -1, 3, 18, 15, 20, 0, 17, 5, 22, 18, -4, -1, 31, -1, 5, 23, 24, 0, 2, 0, -1, 15, 25, 31, -1, 23, 5, 16, 23, 10, 2, 14, 5, -3]
[53, 55, 51, 57, 33, -13, -1, 53, 5, 22, 18, -1, 16, 18, -1, 15, 5, -1, 10, 22, 11, 0, -1, 14, 5, 12, 18, 23, -3, -1, 33, 14, -1, 3, 0, 2, 18, -1, 14, 0, 23, -1, 10, 16, 8, 5, 16, 10, 5, 22, 11, 0, 23, -1, 5, 23, 24, 1, 16, -1, 5, 16, -1, 5, 23, 24, 5, -1, 15, 10, 23, 15, 18, -1, 3, 0, 15, 20, 25, 23, -3]
[42, 38, 55, 51, 43, 49, -13, -1, 53, 25, 5, 23, -1, 15, 5, -1, 14, 18, -1, 9, 25, 2, 10, 5, 22, 0, 23, -1, 4, 10, 3, 9, 18, -1, 4, 5, 23, 4, 5, -1, 5, 14, -1, 20, 22, 10, 16, 3, 10, 20, 10, 18, -4, -1, 21, 25, 6, -1, 3, 0, 23, 10, -1, 15, 5, -1, 20, 18, 16, 8, 18, -1, 0, -1, 14, 14, 18, 22, 0, 22, -1, 5, 16, -1, 5, 23, 5, -1, 15, 18, 15, 5, 16, 24, 18, -3, -1, 49, 18, -1, 15, 5, -1, 8, 25, 23, 24, 0, 16, -1, 14, 18, 23, -1, 15, 5, 14, 18, 4, 22, 0, 15, 0, 23, -3]
[53, 55, 51, 57, 33, -13, -1, 47, 18, -1, 23, 10, 5, 16, 24, 18, -3, -3, -3]

[47, 0, -1, 3, 9, 10, 3, 0, -1, 15, 18, 28, 10, 19, -1, 23, 25, -1, 3, 0, 2, 5, 32, 0, -1, 23, 25, 0, 28, 5, 15, 5, 16, 24, 5, -1, 4, 5, -1, 14, 0, 4, 18, -1, 0, -1, 14, 0, 4, 18, -4, -1, 21, 25, 10, 24, 0, 16, 4, 18, -1, 10, 15, 20, 18, 22, 24, 0, 16, 3, 10, 0, -1, 0, 14, -1, 0, 23, 25, 16, 24, 18, -3, -1, 53, 55, 51, 57, 33, -1, 23, 5, -1, 24, 22, 0, 16, 21, 25, 10, 14, 10, 32, 19, -1, 25, 16, -1, 20, 18, 3, 18, -1, 4, 5, 23, 20, 25, 6, 23, -1, 4, 5, -1, 5, 23, 18, -4, -1, 31, -1, 23, 5, -1, 24, 22, 0, 16, 21, 25, 10, 14, 10, 32, 19, -1, 15, 1, 23, -1, 3, 25, 0, 16, 4, 18, -1, 42, 38, 55, 51, 43, 49, -1, 5, 23, 2, 18, 32, 19, -1, 16, 25, 5, 28, 0, 15, 5, 16, 24, 5, -1, 25, 16, 0, -1, 23, 18, 16, 22, 10, 23, 0, -3]

[42, 38, 55, 51, 43, 49, -13, -1, 49, 18, -1, 15, 5, -1, 8, 25, 23, 24, 0, 22, 11, 0, -1, 5, 21, 25, 10, 28, 18, 3, 0, 22, 15, 5, -4, -1, 20, 5, 22, 18, -1, 3, 22, 5, 18, -1, 23, 0, 2, 5, 22, -1, 20, 18, 22, 21, 25, 6, -1, 15, 5, -1, 3, 10, 24, 0, 23, 24, 5, -1, 0, 21, 25, 11, -3, -1, 48, 5, -1, 23, 10, 5, 16, 24, 0, -1, 25, 16, -1, 20, 18, 3, 18, -1, 15, 0, 14, -1, 21, 25, 5, -1, 9, 0, 31, 0, -1, 20, 0, 23, 0, 4, 18, -1, 24, 0, 16, 24, 18, -1, 24, 10, 5, 15, 20, 18, -4, -1, 24, 10, 5, 15, 20, 18, -1, 21, 25, 5, -1, 20, 25, 4, 10, 15, 18, 23, -1, 0, 20, 22, 18, 28, 5, 3, 9, 0, 22, -1, 15, 1, 23, -4, -1, 20, 5, 22, 18, -1, 31, 18, -1, 24, 0, 15, 2, 10, 6, 16, -1, 24, 5, 16, 8, 18, -1, 14, 0, -1, 3, 25, 14, 20, 0, -1, 20, 18, 22, -1, 24, 0, 15, 20, 18, 3, 18, -1, 4, 5, 3, 10, 22, -1, 16, 0, 4, 0, -3]
[53, 55, 51, 57, 33, -13, -1, -10, 54, 25, 6, -1, 4, 10, 3, 5, 23, -9]
[42, 38, 55, 51, 43, 49, -13, -1, 57, 26, -1, 9, 10, 3, 10, 23, 24, 5, -1, 4, 5, -1, 15, 10, -1, 24, 10, 5, 15, 20, 18, -1, 5, 16, -1, 14, 0, -1, 25, 16, 10, 28, 5, 22, 23, 10, 4, 0, 4, -4, -1, 5, 14, -1, 24, 10, 5, 15, 20, 18, -1, 21, 25, 5, -1, 9, 5, -1, 28, 10, 28, 10, 4, 18, -1, 9, 0, 23, 24, 0, -1, 0, 9, 18, 22, 0, -4, -1, 5, 14, -1, 15, 5, 12, 18, 22, -1, 4, 5, -1, 15, 10, -1, 3, 18, 22, 24, 0, -1, 28, 10, 4, 0, -3, -1, 38, 28, 10, 24, 0, 23, 24, 5, -1, 21, 25, 5, -1, 3, 18, 15, 5, 16, 32, 0, 22, 0, -1, 4, 5, -1, 25, 16, 0, -1, 7, 18, 22, 15, 0, -1, 15, 25, 31, -1, 18, 23, 3, 25, 22, 0, -4, -1, 31, -1, 14, 14, 5, 16, 0, 23, 24, 5, -1, 3, 18, 16, -1, 22, 10, 23, 0, 23, -1, 5, 23, 5, -1, 9, 25, 5, 3, 18, -1, 21, 25, 5, -1, 23, 5, -1, 5, 23, 24, 0, 2, 0, -1, 7, 18, 22, 15, 0, 16, 4, 18, -1, 4, 5, 16, 24, 22, 18, -1, 4, 5, -1, 15, 11, -3, -1, 56, 10, 5, 15, 20, 22, 5, -1, 5, 23, 24, 25, 28, 5, -1, 15, 25, 31, -1, 0, 8, 22, 0, 4, 5, 3, 10, 4, 0, -1, 20, 18, 22, -1, 5, 23, 18, -4, -1, 31, -1, 3, 25, 0, 16, 4, 18, -1, 15, 5, -1, 4, 10, 23, 24, 5, -1, 24, 25, -1, 24, 18, 22, 24, 0, -1, 0, 9, 18, 8, 0, 4, 0, -4, -1, 4, 5, 3, 10, 4, 11, -1, 21, 25, 5, -1, 23, 10, 5, 15, 20, 22, 5, -1, 15, 5, -1, 21, 25, 5, 4, 0, 22, 11, 0, -1, 0, -1, 24, 25, -1, 14, 0, 4, 18, -3, -1, 37, 5, -1, 25, 16, -1, 15, 18, 4, 18, -1, 25, -1, 18, 24, 22, 18, -3]
[53, 55, 51, 57, 33, -13, -1, -10, 54, 25, 6, -1, 5, 23, 24, 0, 23, -1, 24, 22, 0, 24, -3, -3, -3]
[42, 38, 55, 51, 43, 49, -13, -1, 49, 18, -1, 0, 3, 0, 2, 18, -1, 0, 26, 16, -3, -1, 64, -1, 15, 5, -1, 5, 23, 7, 18, 22, 3, 6, -1, 20, 0, 22, 0, -1, 3, 25, 15, 20, 14, 10, 22, -1, 5, 23, 0, -1, 20, 22, 18, 15, 5, 23, 0, -3, -1, 33, 25, 16, 21, 25, 5, -1, 23, 10, 5, 15, 20, 22, 5, -1, 15, 5, -1, 14, 0, -1, 4, 5, 12, 0, 23, 24, 5, -1, 7, 1, 3, 10, 14, -4, -1, 12, 10, 12, 10, 12, 10, -3, -1, 48, 5, -1, 28, 18, 14, 28, 11, -1, 24, 25, -1, 0, 15, 10, 8, 0, -4, -1, 24, 25, -1, 15, 5, 12, 18, 22, -1, 0, 15, 10, 8, 0, -3, -1, 38, 23, 24, 25, 4, 10, 0, 15, 18, 23, -1, 12, 25, 16, 24, 18, 23, -4, -1, 3, 18, 15, 10, 15, 18, 23, -1, 12, 25, 16, 24, 18, 23, -4, -1, 22, 5, 20, 22, 18, 2, 0, 15, 18, 23, -1, 12, 25, 16, 24, 18, 23, -1, 31, -1, 3, 5, 14, 5, 2, 22, 1, 2, 0, 15, 18, 23, -1, 3, 18, 16, -1, 0, 14, 3, 18, 9, 18, 14, -1, 12, 25, 16, 24, 18, 23, -3, -1, 38, 23, 24, 18, 23, -1, 24, 10, 5, 15, 20, 18, 23, -1, 14, 18, 23, -1, 4, 10, 23, 7, 22, 25, 24, 6, -1, 15, 25, 3, 9, 18, -1, 3, 18, 16, 24, 10, 8, 18, -4, -1, 20, 5, 22, 18, -1, 20, 18, 3, 18, -1, 0, -1, 20, 18, 3, 18, -4, -1, 3, 0, 4, 0, -1, 28, 5, 32, -1, 21, 25, 5, -1, 3, 18, 16, 18, 3, 11, 0, -1, 25, 16, -1, 20, 18, 3, 18, -1, 15, 1, 23, -1, 4, 5, -1, 24, 10, -4, -1, 23, 5, 16, 24, 11, 0, -1, 21, 25, 5, -1, 16, 18, -1, 5, 22, 0, -1, 23, 25, 7, 10, 3, 10, 5, 16, 24, 5, -3, -1, 54, 25, 5, 22, 11, 0, -1, 0, 14, 8, 18, -1, 15, 1, 23, -3]

[38, 14, -1, 0, 15, 2, 10, 5, 16, 24, 5, -1, 9, 0, 2, 11, 0, -1, 3, 0, 15, 2, 10, 0, 4, 18, -3, -1, 38, 14, -1, 18, 2, 12, 5, 24, 10, 28, 18, -1, 4, 5, -1, 42, 38, 55, 51, 43, 49, -1, 5, 22, 0, -1, 5, 28, 10, 4, 5, 16, 24, 5, -4, -1, 14, 18, -1, 21, 25, 5, -1, 21, 25, 5, 22, 11, 0, -1, 4, 5, 3, 10, 22, -1, 5, 23, 24, 0, 2, 0, -1, 2, 0, 23, 24, 0, 16, 24, 5, -1, 3, 14, 0, 22, 18, -3, -1, 56, 10, 16, -1, 5, 15, 2, 0, 22, 8, 18, -4, -1, 53, 55, 51, 57, 33, -1, 16, 18, -1, 24, 5, 16, 11, 0, -1, 23, 25, 7, 10, 3, 10, 5, 16, 24, 5, -1, 3, 18, 16, 7, 10, 0, 16, 32, 0, -1, 5, 16, -1, 23, 11, -1, 15, 10, 23, 15, 18, -1, 3, 18, 15, 18, -1, 20, 0, 22, 0, -1, 4, 5, 12, 0, 22, 14, 18, -1, 3, 18, 15, 18, -1, 25, 16, 0, -1, 3, 18, 16, 3, 14, 25, 23, 10, 19, 16, -1, 0, 2, 23, 18, 14, 25, 24, 0, -3, -1, 47, 0, -1, 0, 25, 24, 18, 5, 23, 24, 10, 15, 0, -1, 4, 5, -1, 53, 55, 51, 57, 33, -1, 16, 5, 3, 5, 23, 10, 24, 0, 2, 0, -1, 25, 16, 0, -1, 22, 5, 23, 20, 25, 5, 23, 24, 0, -1, 3, 14, 0, 22, 0, -4, -1, 25, 16, 0, -1, 3, 18, 16, 7, 10, 22, 15, 0, 3, 10, 19, 16, -1, 3, 18, 16, 3, 10, 23, 0, -1, 31, -1, 4, 10, 22, 5, 3, 24, 18, -1, 0, 14, -1, 8, 22, 0, 16, 18, -1, 20, 0, 22, 0, -1, 5, 28, 10, 24, 0, 22, -1, 5, 22, 22, 18, 22, 5, 23, -3, -1, 53, 0, 22, 0, -1, 5, 28, 10, 24, 0, 22, -1, 10, 14, 25, 23, 10, 18, 16, 0, 22, 23, 5, -1, 31, -1, 24, 5, 22, 15, 10, 16, 0, 22, -1, 9, 25, 15, 10, 14, 14, 0, 4, 18, -3]

[53, 55, 51, 57, 33, -13, -1, -10, 54, 25, 6, -1, 21, 25, 5, 22, 11, 0, 23, -9, -1, -10, 54, 25, 6, -1, 21, 25, 10, 5, 22, 5, 23, -9]
[42, 38, 55, 51, 43, 49, -13, -1, 33, -1, 24, 10, -3, -1, 54, 25, 10, 5, 22, 18, -1, 24, 18, 4, 18, -1, 4, 5, -1, 24, 10, -3, -1, 49, 18, -1, 21, 25, 10, 5, 22, 18, -1, 23, 5, 22, -1, 23, 18, 14, 18, -1, 14, 0, -1, 15, 5, 12, 18, 22, -1, 0, 15, 10, 8, 0, -4, -1, 21, 25, 10, 5, 22, 18, -1, 24, 5, 16, 5, 22, -1, 25, 16, -1, 22, 18, 14, -1, 15, 1, 23, -1, 10, 15, 20, 18, 22, 24, 0, 16, 24, 5, -4, -1, 15, 1, 23, -1, 16, 5, 3, 5, 23, 0, 22, 10, 18, -1, 5, 16, -1, 24, 25, -1, 28, 10, 4, 0, -3]

[47, 0, 23, -1, 14, 1, 8, 22, 10, 15, 0, 23, -1, 3, 18, 15, 5, 16, 32, 0, 22, 18, 16, -1, 0, -1, 23, 0, 14, 10, 22, -1, 4, 5, -1, 14, 18, 23, -1, 18, 12, 18, 23, -1, 4, 5, -1, 42, 38, 55, 51, 43, 49, -3, -1, 53, 5, 22, 18, -1, 5, 23, 24, 0, -1, 28, 5, 32, -1, 16, 18, -1, 23, 5, -1, 28, 5, 11, 0, -1, 24, 22, 10, 23, 24, 5, -4, -1, 53, 55, 51, 57, 33, -1, 16, 18, -1, 14, 0, -1, 28, 10, 18, -1, 24, 22, 10, 23, 24, 5, -3, -1, 38, 23, 0, 23, -1, 14, 1, 8, 22, 10, 15, 0, 23, -1, 5, 22, 0, 16, -1, 5, 23, 0, 23, -1, 5, 15, 18, 3, 10, 18, 16, 5, 23, -1, 21, 25, 5, -1, 42, 38, 55, 51, 43, 49, -1, 9, 0, 2, 11, 0, -1, 15, 0, 16, 24, 5, 16, 10, 4, 18, -1, 5, 16, 3, 5, 22, 22, 0, 4, 0, 23, -1, 20, 18, 22, -1, 15, 25, 3, 9, 18, -1, 24, 10, 5, 15, 20, 18, -4, -1, 31, -1, 0, 9, 18, 22, 0, -1, 10, 16, 24, 5, 16, 24, 0, 2, 0, 16, -1, 23, 0, 14, 10, 22, -1, 20, 18, 22, -1, 14, 0, -1, 20, 22, 5, 23, 10, 19, 16, -1, 0, 3, 25, 15, 25, 14, 0, 4, 0, -3]

[53, 55, 51, 57, 33, -13, -1, 64, 18, -3, -3, -3, -1, 42, 38, 55, 51, 43, 49, -3, -3, -3]
[42, 38, 55, 51, 43, 49, -13, -1, 56, 10, 5, 15, 20, 22, 5, -1, 24, 25, 28, 5, -1, 15, 10, 5, 4, 18, -3, -3, -3, -1, 37, 5, -1, 21, 25, 5, -1, 7, 25, 5, 22, 0, -1, 0, -1, 4, 5, 23, 24, 22, 25, 10, 22, 14, 18, -1, 24, 18, 4, 18, -3, -3, -3, -1, 53, 5, 22, 18, -1, 31, 0, -1, 16, 18, -1, 9, 0, 31, -1, 28, 25, 5, 14, 24, 0, -1, 0, 24, 22, 1, 23, -3, -3, -3]
[53, 55, 51, 57, 33, -13, -1, 42, 38, 55, 51, 43, 49, -3, -3, -3]
[42, 38, 55, 51, 43, 49, -13, -1, 48, 5, -1, 5, 16, 0, 15, 18, 22, 6, -1, 4, 5, -1, 15, 10, -1, 15, 5, 12, 18, 22, -1, 0, 15, 10, 8, 18, -3, -3, -3]
[53, 55, 51, 57, 33, -13, -1, -10, 54, 25, 6, -9]
[42, 38, 55, 51, 43, 49, -13, -1, -12, -12, -12, 54, 25, 6, -1, 24, 5, -1, 0, 15, 18, -1, 24, 18, 16, 24, 18, -11, -11, -11, -1, -12, -12, 57, 5, -1, 0, 15, 18, -1, 53, 55, 51, 57, 33, -11, -11]

[47, 25, 5, 8, 18, -1, 4, 5, -1, 23, 18, 14, 24, 0, 22, -1, 5, 23, 0, 23, -1, 20, 0, 14, 0, 2, 22, 0, 23, -4, -1, 42, 38, 55, 51, 43, 49, -1, 23, 0, 14, 24, 19, -1, 23, 18, 2, 22, 5, -1, 53, 55, 51, 57, 33, -1, 31, -1, 14, 18, -1, 2, 5, 23, 19, -1, 5, 16, -1, 14, 18, 23, -1, 14, 0, 2, 10, 18, 23, -3, -1, 33, 15, 2, 18, 23, -1, 23, 5, 16, 24, 11, 0, 16, -1, 3, 18, 15, 18, -1, 23, 25, 23, -1, 3, 25, 5, 22, 20, 18, 23, -1, 23, 5, -1, 0, 14, 10, 8, 5, 22, 0, 2, 0, 16, -4, -1, 3, 18, 15, 18, -1, 23, 10, -1, 25, 16, 0, -1, 24, 5, 16, 23, 10, 19, 16, -1, 21, 25, 5, -1, 28, 10, 28, 10, 19, -1, 23, 18, 2, 22, 5, -1, 5, 14, 14, 18, 23, -1, 4, 5, 23, 4, 5, -1, 23, 25, -1, 4, 11, 0, -1, 4, 5, -1, 16, 0, 3, 10, 15, 10, 5, 16, 24, 18, -1, 23, 5, -1, 4, 5, 23, 28, 0, 16, 5, 3, 10, 5, 22, 0, -4, -1, 31, -1, 20, 18, 22, -1, 7, 10, 16, -1, 23, 10, 16, 24, 10, 5, 22, 0, 16, -1, 5, 14, -1, 15, 25, 16, 4, 18, -1, 28, 5, 22, 4, 0, 4, 5, 22, 18, -3, -1, 36, 18, 15, 18, -1, 23, 10, -1, 9, 25, 2, 10, 5, 23, 5, 16, -1, 5, 16, 3, 18, 16, 24, 22, 0, 4, 18, -1, 23, 25, -1, 5, 23, 24, 0, 4, 18, -1, 16, 0, 24, 25, 22, 0, 14, -4, -1, 3, 18, 15, 18, -1, 23, 10, -1, 9, 25, 2, 10, 5, 23, 5, 16, -1, 5, 16, 3, 18, 16, 24, 22, 0, 4, 18, -1, 23, 25, -1, 14, 25, 8, 0, 22, -1, 5, 16, -1, 5, 14, -1, 15, 25, 16, 4, 18, -4, -1, 25, 16, 18, -1, 0, 14, -1, 14, 0, 4, 18, -1, 4, 5, 14, -1, 18, 24, 22, 18, -3, -1, -7, 37, 5, 2, 5, 15, 18, 23, -1, 5, 23, 24, 0, 22, -1, 12, 25, 16, 24, 18, 23, -4, -1, 5, 14, -1, 15, 25, 16, 4, 18, -1, 14, 18, -1, 9, 0, -1, 9, 0, 2, 11, 0, -1, 20, 14, 0, 16, 5, 0, 4, 18, -1, 0, 23, 11, -1, 4, 5, 23, 4, 5, -1, 5, 14, -1, 20, 22, 10, 16, 3, 10, 20, 10, 18, -7, -4, -1, 20, 5, 16, 23, 0, 22, 18, 16, -1, 14, 18, 23, -1, 4, 18, 23, -4, -1, 0, 14, -1, 15, 10, 23, 15, 18, -1, 24, 10, 5, 15, 20, 18, -3]

[58, 16, -1, 8, 22, 25, 20, 18, -1, 4, 5, -1, 0, 20, 14, 0, 25, 23, 18, 23, -1, 22, 18, 15, 20, 10, 5, 22, 18, 16, -1, 5, 14, -1, 20, 22, 18, 7, 25, 16, 4, 18, -1, 24, 22, 0, 16, 3, 5, -1, 21, 25, 5, -1, 14, 5, 23, -1, 9, 0, 2, 11, 0, -1, 20, 22, 18, 28, 18, 3, 0, 4, 18, -1, 5, 14, -1, 24, 18, 21, 25, 5, -1, 4, 5, -1, 23, 25, 23, -1, 14, 0, 2, 10, 18, 23, -3, -1, 58, 16, -1, 8, 22, 25, 20, 18, -1, 4, 5, -1, 3, 18, 15, 20, 0, 17, 5, 22, 18, 23, -1, 21, 25, 5, -1, 5, 23, 24, 0, 2, 0, 16, -1, 5, 16, -1, 14, 0, -1, 20, 22, 10, 15, 5, 22, -1, 20, 14, 0, 16, 24, 0, -1, 4, 5, -1, 25, 16, -1, 5, 4, 10, 7, 10, 3, 10, 18, -1, 3, 5, 22, 3, 0, 16, 18, -1, 5, 23, 24, 0, 2, 0, 16, -1, 0, 20, 14, 0, 25, 4, 10, 5, 16, 4, 18, -1, 31, -1, 8, 22, 10, 24, 0, 16, 4, 18, -1, 7, 5, 14, 10, 3, 10, 24, 0, 3, 10, 18, 16, 5, 23, -1, 0, -1, 14, 0, -1, 22, 5, 3, 10, 6, 16, -1, 7, 18, 22, 15, 0, 4, 0, -1, 20, 0, 22, 5, 12, 0, -3, -1, 53, 55, 51, 57, 33, -1, 31, -1, 42, 38, 55, 51, 43, 49, -1, 23, 5, -1, 23, 10, 16, 24, 10, 5, 22, 18, 16, -1, 20, 22, 18, 7, 25, 16, 4, 0, 15, 5, 16, 24, 5, -1, 0, 28, 5, 22, 8, 18, 16, 32, 0, 4, 18, 23, -1, 20, 18, 22, -1, 10, 15, 0, 8, 10, 16, 0, 22, -1, 21, 25, 5, -1, 24, 18, 4, 0, -1, 23, 25, -1, 5, 23, 3, 5, 16, 0, 23, -1, 24, 5, 14, 5, 16, 18, 28, 5, 14, 5, 32, 3, 0, -1, 7, 25, 5, -1, 5, 14, -1, 5, 16, 24, 22, 5, 24, 5, 16, 10, 15, 10, 5, 16, 24, 18, -1, 4, 5, -1, 5, 30, 24, 22, 0, 17, 18, 23, -3, -1, 56, 0, 14, 10, 5, 22, 18, 16, -1, 3, 18, 22, 22, 10, 5, 16, 4, 18, -1, 4, 5, -1, 0, 9, 11, -3]

[-6, -6, -6]

[33, -1, 14, 0, -1, 15, 0, 17, 0, 16, 0, -1, 23, 10, 8, 25, 10, 5, 16, 24, 5, -4, -1, 53, 55, 51, 57, 33, -1, 31, -1, 42, 38, 55, 51, 43, 49, -1, 23, 5, -1, 5, 16, 3, 18, 16, 24, 22, 0, 2, 0, 16, -1, 9, 0, 3, 10, 5, 16, 4, 18, -1, 5, 14, -1, 4, 5, 23, 0, 31, 25, 16, 18, -3, -1, 38, 23, 24, 0, 2, 0, 16, -1, 5, 16, -1, 14, 0, -1, 3, 0, 23, 0, -1, 4, 5, -1, 5, 14, 14, 0, -4, -1, 0, -1, 14, 0, -1, 3, 25, 0, 14, -1, 14, 14, 5, 8, 0, 22, 18, 16, -1, 14, 0, -1, 16, 18, 3, 9, 5, -1, 0, 16, 24, 5, 22, 10, 18, 22, -3, -1, 42, 0, 2, 11, 0, 16, -1, 20, 0, 23, 0, 4, 18, -1, 14, 0, -1, 16, 18, 3, 9, 5, -1, 12, 25, 16, 24, 18, 23, -4, -1, 31, -1, 0, 9, 18, 22, 0, -1, 3, 18, 15, 18, -1, 5, 23, 3, 5, 16, 0, -1, 3, 14, 10, 3, 9, 6, -1, 4, 5, -1, 3, 18, 15, 5, 4, 11, 0, -1, 22, 18, 15, 1, 16, 24, 10, 3, 0, -4, -1, 5, 23, 24, 0, 2, 0, 16, -1, 24, 18, 16, 24, 5, 0, 16, 4, 18, -1, 5, 16, -1, 14, 0, -1, 3, 18, 3, 10, 16, 0, -3]

[47, 25, 5, 8, 18, -1, 4, 5, -1, 14, 0, -1, 4, 5, 3, 14, 0, 22, 0, 3, 10, 19, 16, -1, 4, 5, -1, 42, 38, 55, 51, 43, 49, -4, -1, 53, 55, 51, 57, 33, -1, 20, 18, 22, -1, 7, 10, 16, -1, 24, 25, 28, 18, -1, 5, 14, -1, 28, 0, 14, 18, 22, -1, 4, 5, -1, 4, 5, 3, 10, 22, 14, 5, -1, 21, 25, 5, -1, 24, 0, 15, 2, 10, 6, 16, -1, 14, 0, -1, 0, 15, 0, 2, 0, -4, -1, 0, 25, 16, 21, 25, 5, -1, 4, 5, 23, 20, 25, 6, 23, -1, 4, 5, -1, 24, 0, 14, -1, 0, 20, 0, 23, 10, 18, 16, 0, 4, 18, -1, 2, 5, 23, 18, -4, -1, 23, 25, -1, 20, 22, 18, 20, 10, 0, -1, 4, 5, 3, 14, 0, 22, 0, 3, 10, 19, 16, -1, 9, 0, 2, 11, 0, -1, 20, 5, 22, 4, 10, 4, 18, -1, 4, 22, 0, 15, 0, 24, 10, 23, 15, 18, -3, -1, 37, 5, 3, 10, 4, 10, 5, 22, 18, 16, -1, 10, 22, -1, 0, -1, 3, 18, 15, 5, 22, -1, 0, -1, 25, 16, -1, 22, 5, 23, 24, 0, 25, 22, 0, 16, 24, 5, -1, 3, 5, 22, 3, 0, 16, 18, -1, 20, 0, 22, 0, -1, 3, 5, 14, 5, 2, 22, 0, 22, -1, 5, 14, -1, 10, 16, 10, 3, 10, 18, -1, 4, 5, -1, 23, 25, -1, 16, 25, 5, 28, 18, -1, 22, 18, 15, 0, 16, 3, 5, -3, -1, 49, 10, 16, 8, 25, 16, 18, -1, 21, 25, 5, 22, 11, 0, -1, 20, 5, 4, 10, 22, -1, 0, 14, 3, 18, 9, 18, 14, -1, 20, 18, 22, 21, 25, 5, -1, 16, 18, -1, 21, 25, 5, 22, 11, 0, 16, -1, 20, 5, 22, 4, 5, 22, 23, 5, -1, 16, 10, 16, 8, 26, 16, -1, 15, 18, 15, 5, 16, 24, 18, -1, 12, 25, 16, 24, 18, 23, -3]

[47, 25, 5, 8, 18, -1, 4, 5, -1, 21, 25, 5, 15, 0, 22, -1, 14, 0, -1, 20, 18, 3, 0, -1, 3, 18, 15, 10, 4, 0, -1, 21, 25, 5, -1, 24, 5, 16, 11, 0, -1, 42, 38, 55, 51, 43, 49, -1, 5, 16, -1, 5, 14, -1, 22, 5, 7, 22, 10, 8, 5, 22, 0, 4, 18, 22, -4, -1, 18, 20, 24, 0, 22, 18, 16, -1, 20, 18, 22, -1, 25, 16, -1, 20, 14, 0, 24, 10, 14, 14, 18, -1, 15, 25, 3, 9, 18, -1, 15, 1, 23, -1, 23, 5, 16, 3, 10, 14, 14, 18, -1, 31, -1, 21, 25, 5, -1, 22, 5, 23, 10, 23, 24, 10, 22, 11, 0, -1, 14, 0, -1, 5, 15, 18, 3, 10, 19, 16, -1, 21, 25, 5, -1, 0, 15, 2, 18, 23, -1, 12, 19, 28, 5, 16, 5, 23, -1, 5, 16, 0, 15, 18, 22, 0, 4, 18, 23, -1, 23, 5, 16, 24, 11, 0, 16, -1, 25, 16, 18, -1, 20, 18, 22, -1, 5, 14, -1, 18, 24, 22, 18, -3, -1, 58, 16, -1, 20, 18, 3, 18, -1, 4, 5, -1, 3, 5, 22, 5, 0, 14, -1, 31, -1, 0, 14, 8, 18, -1, 4, 5, -1, 14, 5, 3, 9, 5, -1, 2, 0, 23, 24, 0, 22, 11, 0, 16, -1, 20, 18, 22, -1, 5, 14, -1, 15, 18, 15, 5, 16, 24, 18, -3]

[53, 55, 51, 57, 33, -13, -1, 48, 5, -1, 8, 25, 23, 24, 0, 22, 11, 0, -1, 0, 14, 8, 18, -1, 4, 5, -1, 3, 0, 7, 6, -4, -1, -10, 61, 0, 15, 18, 23, -1, 20, 18, 22, -1, 25, 16, 18, -1, 14, 25, 5, 8, 18, -9]
[42, 38, 55, 51, 43, 49, -13, -1, 36, 14, 0, 22, 18, -4, -1, -10, 64, 0, -1, 24, 5, -1, 9, 5, -1, 4, 10, 3, 9, 18, -1, 21, 25, 5, -1, 24, 5, -1, 0, 15, 18, -9]
[53, 55, 51, 57, 33, -13, -1, 37, 10, 14, 18, -1, 3, 25, 0, 16, 24, 0, 23, -1, 28, 5, 3, 5, 23, -1, 21, 25, 10, 5, 22, 0, 23, -4, -1, 21, 25, 5, -1, 31, 18, -1, 24, 5, -1, 14, 18, -1, 4, 10, 22, 6, -1, 15, 25, 3, 9, 0, 23, -1, 15, 1, 23, -3, -1, 57, 5, -1, 0, 15, 18, -4, -1, 24, 5, -1, 0, 15, 18, -4, -1, 24, 5, -1, 0, 15, 18, -4, -1, 24, 5, -1, 0, 15, 18, -4, -3, -3, -3]
[42, 38, 55, 51, 43, 49, -13, -1, 57, 5, -1, 0, 15, 18, -4, -1, 24, 5, -1, 0, 15, 18, -4, -1, 24, 5, -1, 0, 15, 18, -4, -1, 24, 5, -1, 0, 15, 18, -4, -3, -3, -3]

[47, 0, -1, 16, 25, 5, 28, 0, -1, 20, 0, 22, 5, 12, 0, -1, 4, 10, 23, 7, 22, 25, 24, 0, 2, 0, -1, 4, 5, -1, 23, 25, -1, 16, 25, 5, 28, 0, -1, 28, 10, 4, 0, -4, -1, 12, 25, 16, 24, 18, 23, -4, -1, 5, 16, -1, 25, 16, 0, -1, 5, 23, 3, 5, 16, 0, -1, 21, 25, 5, -1, 15, 0, 24, 0, 22, 11, 0, -1, 0, -1, 25, 16, -1, 4, 10, 0, 2, 6, 24, 10, 3, 18, -3, -1, 42, 38, 55, 51, 43, 49, -1, 16, 18, -1, 20, 18, 4, 11, 0, -1, 0, 20, 0, 22, 24, 0, 22, -1, 23, 25, -1, 15, 10, 22, 0, 4, 0, -1, 4, 5, -1, 23, 25, -1, 16, 25, 5, 28, 18, -1, 16, 18, 28, 10, 18, -4, -1, 31, -1, 6, 14, -1, 5, 23, 24, 0, 2, 0, -1, 24, 0, 16, -1, 7, 5, 14, 10, 32, -1, 21, 25, 5, -1, 16, 18, -1, 4, 5, 12, 0, 2, 0, -1, 4, 5, -1, 23, 25, 23, 20, 10, 22, 0, 22, -3, -1, 37, 5, 23, 20, 25, 6, 23, -1, 4, 5, -1, 24, 0, 16, 24, 18, -1, 24, 10, 5, 15, 20, 18, -1, 4, 5, 23, 5, 0, 16, 4, 18, -1, 23, 5, 22, -1, 3, 0, 4, 0, -1, 28, 5, 32, -1, 15, 1, 23, -1, 3, 5, 22, 3, 0, 16, 18, 23, -4, -1, 20, 18, 22, -1, 7, 10, 16, -1, 9, 0, 2, 11, 0, 16, -1, 3, 18, 16, 23, 5, 8, 25, 10, 4, 18, -1, 5, 23, 24, 0, 22, 14, 18, -3, -1, 56, 10, 16, -1, 5, 15, 2, 0, 22, 8, 18, -4, -1, 5, 14, -1, 23, 18, 16, 10, 4, 18, -1, 4, 5, 14, -1, 3, 5, 14, 25, 14, 0, 22, -1, 4, 5, -1, 42, 38, 55, 51, 43, 49, -1, 9, 0, 2, 11, 0, -1, 22, 18, 24, 18, -1, 14, 0, -1, 7, 0, 16, 24, 0, 23, 11, 0, -1, 4, 5, -1, 14, 0, -1, 5, 23, 3, 5, 16, 0, -1, 4, 5, -1, 3, 25, 5, 16, 24, 18, -1, 4, 5, -1, 9, 0, 4, 0, 23, -1, 5, 16, -1, 5, 14, -1, 21, 25, 5, -1, 23, 5, -1, 5, 16, 3, 18, 16, 24, 22, 0, 2, 0, 16, -3]

[42, 38, 55, 51, 43, 49, -13, -1, -12, 33, 23, 9, -11, -1, -10, 54, 25, 10, 6, 16, -1, 23, 5, 22, 1, -9]

[36, 25, 0, 16, 4, 18, -1, 14, 0, -1, 15, 10, 22, 0, 4, 0, -1, 4, 5, -1, 42, 38, 55, 51, 43, 49, -1, 23, 5, -1, 20, 18, 23, 19, -1, 5, 16, -1, 14, 0, -1, 20, 0, 16, 24, 0, 14, 14, 0, -1, 4, 5, -1, 23, 25, -1, 3, 5, 14, 25, 14, 0, 22, -4, -1, 23, 25, -1, 5, 30, 20, 22, 5, 23, 10, 19, 16, -1, 3, 0, 15, 2, 10, 19, -1, 0, -1, 25, 16, 0, -1, 0, 15, 0, 2, 14, 5, -1, 20, 5, 22, 18, -1, 24, 0, 15, 2, 10, 6, 16, -1, 10, 16, 3, 19, 15, 18, 4, 0, -3, -1, 42, 0, 2, 11, 0, -1, 14, 14, 5, 8, 0, 4, 18, -1, 25, 16, -1, 15, 5, 16, 23, 0, 12, 5, -1, 21, 25, 5, -1, 23, 0, 2, 11, 0, -1, 21, 25, 5, -1, 22, 5, 3, 10, 2, 10, 22, 11, 0, -4, -1, 31, -1, 21, 25, 5, -1, 24, 5, 16, 4, 22, 11, 0, -1, 21, 25, 5, -1, 3, 18, 16, 24, 5, 23, 24, 0, 22, -3]

[53, 55, 51, 57, 33, -13, -1, -10, 57, 18, 4, 18, -1, 2, 10, 5, 16, -1, 0, 15, 18, 22, -9]
[42, 38, 55, 51, 43, 49, -13, -1, 56, 11, -4, -1, 23, 18, 14, 18, -1, 5, 23, -1, 5, 14, -1, 15, 5, 16, 23, 0, 12, 5, -1, 4, 5, -1, 25, 16, 0, -1, 0, 15, 10, 8, 0, -3, -1, 37, 5, 12, 0, -1, 14, 5, -1, 3, 18, 16, 24, 5, 23, 24, 18, -3]

[47, 18, 23, -1, 4, 5, 4, 18, 23, -1, 4, 5, -1, 42, 38, 55, 51, 43, 49, -1, 23, 5, -1, 15, 18, 28, 10, 5, 22, 18, 16, -1, 0, -1, 0, 14, 24, 0, 23, -1, 28, 5, 14, 18, 3, 10, 4, 0, 4, 5, 23, -4, -1, 24, 5, 3, 14, 5, 0, 16, 4, 18, -1, 23, 18, 2, 22, 5, -1, 14, 0, -1, 20, 0, 16, 24, 0, 14, 14, 0, -1, 24, 1, 3, 24, 10, 14, -1, 14, 14, 5, 16, 0, -1, 4, 5, -1, 4, 5, 3, 10, 23, 10, 19, 16, -1, 31, -1, 23, 0, 2, 10, 5, 16, 4, 18, -1, 20, 5, 22, 7, 5, 3, 24, 0, 15, 5, 16, 24, 5, -1, 14, 0, -1, 22, 5, 23, 20, 25, 5, 23, 24, 0, -1, 21, 25, 5, -1, 21, 25, 5, 22, 11, 0, -1, 4, 0, 22, -3, -1, 58, 16, 0, -1, 22, 5, 23, 20, 25, 5, 23, 24, 0, -1, 21, 25, 5, -1, 31, 0, -1, 24, 5, 16, 11, 0, -1, 3, 14, 0, 22, 0, -1, 5, 14, -1, 4, 11, 0, -1, 0, 16, 24, 5, 22, 10, 18, 22, -4, -1, 3, 25, 0, 16, 4, 18, -1, 9, 0, 2, 11, 0, -1, 22, 5, 3, 18, 22, 4, 0, 4, 18, -1, 14, 18, -1, 10, 15, 20, 18, 22, 24, 0, 16, 24, 5, -1, 21, 25, 5, -1, 5, 22, 0, -1, 20, 0, 22, 0, -1, 5, 14, 14, 0, -1, 5, 14, -1, 3, 9, 10, 3, 18, -1, 21, 25, 5, -1, 3, 18, 15, 11, 0, -1, 23, 25, -1, 3, 5, 22, 5, 0, 14, -1, 4, 5, -1, 3, 9, 18, 3, 18, 14, 0, 24, 5, -1, 7, 22, 5, 16, 24, 5, -1, 0, -1, 5, 14, 14, 0, -3, -1, 49, 18, -1, 9, 0, 2, 11, 0, -1, 4, 25, 4, 0, -4, -1, 0, 9, 18, 22, 0, -1, 15, 10, 23, 15, 18, -1, 5, 22, 0, -1, 15, 25, 31, -1, 7, 5, 14, 10, 32, -3]

[36, 18, 16, -1, 15, 25, 3, 9, 18, -1, 5, 23, 7, 25, 5, 22, 32, 18, -1, 18, 20, 22, 10, 15, 10, 19, -1, 14, 0, -1, 24, 5, 3, 14, 0, -1, 4, 5, -1, 5, 16, 28, 10, 0, 22, -4, -1, 5, 23, 7, 18, 22, 32, 1, 16, 4, 18, 23, 5, -1, 20, 18, 22, -1, 16, 18, -1, 20, 18, 16, 5, 22, -1, 25, 16, 0, -1, 3, 0, 22, 0, -1, 22, 0, 22, 0, -1, 21, 25, 5, -1, 14, 14, 0, 15, 0, 22, 0, -1, 14, 0, -1, 0, 24, 5, 16, 3, 10, 19, 16, -1, 4, 5, -1, 53, 55, 51, 57, 33, -3, -1, -7, 38, 23, -1, 28, 5, 22, 4, 0, 4, -1, 21, 25, 5, -1, 5, 23, -1, 10, 15, 20, 18, 23, 10, 2, 14, 5, -1, 16, 18, -1, 14, 0, 23, 24, 10, 15, 0, 22, -1, 0, -1, 16, 0, 4, 10, 5, -3, -1, 49, 25, 16, 3, 0, -1, 15, 5, -1, 0, 3, 18, 23, 24, 25, 15, 2, 22, 0, 22, 6, -1, 0, -1, 5, 23, 24, 18, -7, -4, -1, 20, 5, 16, 23, 19, -1, 42, 38, 55, 51, 43, 49, -4, -1, 20, 5, 16, 23, 0, 16, 4, 18, -1, 21, 25, 5, -1, 23, 25, -1, 20, 22, 18, 20, 10, 0, -1, 7, 5, 14, 10, 3, 10, 4, 0, 4, -1, 3, 0, 25, 23, 0, 2, 0, -1, 5, 14, -1, 4, 18, 14, 18, 22, -1, 4, 5, -1, 18, 24, 22, 0, 23, -1, 20, 5, 22, 23, 18, 16, 0, 23, -13]

[-16, -1, 38, 30, 24, 22, 0, 17, 18, -13]
[42, 18, 14, 0, -4, -1, -10, 64, 0, -1, 9, 0, 23, -1, 20, 5, 16, 23, 0, 4, 18, -1, 14, 0, -1, 20, 22, 18, 20, 25, 5, 23, 24, 0, -1, 21, 25, 5, -1, 24, 5, -1, 9, 10, 3, 5, -9, -1, 49, 18, -1, 20, 25, 5, 4, 18, -1, 22, 5, 23, 10, 23, 24, 10, 22, -1, 14, 0, -1, 5, 23, 20, 5, 22, 0, -4, -1, 4, 10, 12, 10, 23, 24, 5, -1, 21, 25, 5, -1, 0, 16, 24, 5, 23, -1, 24, 5, 16, 11, 0, 23, -1, 21, 25, 5, -1, 0, 23, 5, 8, 25, 22, 0, 22, 24, 5, -1, 4, 5, -1, 0, 14, 8, 18, -3]
[-16, -1, 42, 38, 55, 51, 43, 49, -13]
[42, 18, 14, 0, -3, -1, 56, 11, -4, -1, 31, 0, -1, 14, 18, -1, 9, 5, -1, 20, 5, 16, 23, 0, 4, 18, -1, 15, 25, 31, -1, 2, 10, 5, 16, -4, -1, 20, 5, 22, 18, -1, 15, 5, -1, 24, 5, 15, 18, -1, 21, 25, 5, -1, 16, 18, -1, 20, 25, 5, 4, 18, -1, 3, 18, 22, 22, 5, 23, 20, 18, 16, 4, 5, 22, 24, 5, -3, -1, 47, 18, -1, 23, 10, 5, 16, 24, 18, -3]


[40, 43, 49, -3]


