[37, 10, 22, 10, 8, 10, 4, 0, -1, 20, 18, 22]
[56, 0, 16, 24, 10, 0, 8, 18, -4, -1, 47, -3, -1, 37, -3]
[38, 23, 3, 22, 10, 24, 0, -1, 20, 18, 22]
[56, 0, 16, 24, 10, 0, 8, 18, -4, -1, 47, -3, -1, 37, -3]
[53, 22, 18, 4, 25, 3, 24, 18, 22, -1, 38, 12, 5, 3, 25, 24, 10, 28, 18]
[56, 0, 16, 24, 10, 0, 8, 18, -4, -1, 47, -3, -1, 37, -3]
[53, 22, 18, 8, 22, 0, 15, 0, 3, 10, 19, 16]
[56, 0, 16, 24, 10, 0, 8, 18, -4, -1, 47, -3, -1, 37, -3]
[48, 18, 24, 18, 22]
[53, 31, 24, 9, 18, 16, -1, -23, -3, -18, -3, -24]
[37, 5, 4, 10, 3, 0, 4, 0, -1, 0]
[47, 18, 23, -1, 20, 10, 16, 3, 9, 5, 23, -1, 55, 18, 15, 5, 22, 18, -1, 2, 18, 31, 23]
