[53, 55, 51, 57, 33, -1, 23, 5, -1, 5, 16, 3, 18, 16, 24, 22, 0, 2, 0, -1, 5, 23, 20, 5, 22, 0, 16, 4, 18, -1, 0, -1, 42, 38, 55, 51, 43, 49, -4, -1, 22, 5, 20, 0, 23, 0, 16, 4, 18, -1, 15, 5, 16, 24, 0, 14, 15, 5, 16, 24, 5, -1, 5, 14, -1, 4, 10, 23, 3, 25, 22, 23, 18, -1, 21, 25, 5, -1, 14, 5, -1, 4, 5, 4, 10, 3, 0, 22, 11, 0, -4, -1, 3, 25, 0, 16, 4, 18, -1, 4, 5, -1, 25, 16, -1, 15, 18, 15, 5, 16, 24, 18, -1, 0, -1, 18, 24, 22, 18, -1, 5, 23, 3, 25, 3, 9, 19, -1, 25, 16, 0, -1, 28, 18, 32, -1, 3, 18, 16, 18, 3, 10, 4, 0, -1, 21, 25, 5, -1, 14, 18, -1, 23, 0, 14, 25, 4, 0, 2, 0, -3]

[42, 38, 55, 51, 43, 49, -13, -1, 42, 18, 14, 0, -1, 53, 55, 51, 57, 33, -4, -1, -10, 36, 19, 15, 18, -1, 24, 5, -1, 7, 25, 5, -1, 5, 16, -1, 14, 18, 23, -1, 5, 30, 1, 15, 5, 16, 5, 23, -9]
[53, 55, 51, 57, 33, -13, -1, 48, 25, 31, -1, 2, 10, 5, 16, -4, -1, 14, 18, 23, -1, 20, 0, 23, 6, -1, 24, 18, 4, 18, 23, -1, 3, 18, 16, -1, 15, 1, 23, -1, 4, 5, -1, -18, -26, -3, -1, 48, 5, -1, 10, 22, 1, -1, 2, 10, 5, 16, -1, 5, 16, -1, 14, 0, -1, 3, 0, 14, 10, 7, 10, 3, 0, 3, 10, 19, 16, -1, 7, 10, 16, 0, 14, -3, -1, -10, 64, -1, 24, 26, -9]
[42, 38, 55, 51, 43, 49, -13, -1, 43, 8, 25, 0, 14, -4, -1, 0, 25, 16, 21, 25, 5, -1, 15, 5, -1, 7, 0, 14, 24, 0, -1, 20, 22, 5, 23, 5, 16, 24, 0, 22, -1, 25, 16, -1, 20, 0, 22, 3, 10, 0, 14, -1, 20, 0, 22, 0, -1, 5, 23, 24, 0, 22, -1, -25, -26, -26, -8, -1, 14, 10, 2, 22, 5, -4, -1, 20, 5, 22, 18, -1, 16, 18, -1, 15, 5, -1, 20, 22, 5, 18, 3, 25, 20, 0, -4, -1, -10, 61, 0, 15, 18, 23, -1, 20, 18, 22, -1, 3, 9, 5, 14, 0, -9]

[49, 18, -1, 5, 22, 0, -1, 5, 30, 24, 22, 0, 17, 18, -1, 21, 25, 5, -1, 42, 38, 55, 51, 43, 49, -1, 10, 16, 28, 10, 24, 0, 22, 0, -1, 0, -1, 53, 55, 51, 57, 33, -1, 0, -1, 2, 5, 2, 5, 22, -1, 4, 5, -1, 7, 18, 22, 15, 0, -1, 24, 0, 16, -1, 3, 0, 23, 25, 0, 14, -3, -1, 47, 0, 23, -1, 15, 0, 31, 18, 22, 5, 23, -1, 2, 18, 22, 22, 0, 3, 9, 5, 22, 0, 23, -1, 21, 25, 5, -1, 28, 10, 28, 10, 19, -1, 5, 14, -1, 3, 9, 10, 3, 18, -1, 7, 25, 5, 22, 18, 16, -1, 10, 15, 20, 25, 14, 23, 0, 4, 0, 23, -1, 20, 18, 22, -1, 10, 16, 28, 10, 24, 0, 3, 10, 18, 16, 5, 23, -1, 10, 16, 5, 23, 20, 5, 22, 0, 4, 0, 23, -1, 4, 5, -1, 42, 38, 55, 51, 43, 49, -3, -1, 55, 0, 22, 0, -1, 28, 5, 32, -1, 53, 55, 51, 57, 33, -1, 22, 5, 3, 9, 0, 32, 0, 2, 0, -1, 5, 23, 24, 0, 23, -1, 18, 7, 5, 22, 24, 0, 23, -4, -1, 23, 10, 16, -1, 5, 15, 2, 0, 22, 8, 18, -1, 0, 9, 18, 22, 0, -1, 5, 23, 24, 0, 2, 0, -1, 5, 16, -1, 25, 16, -1, 3, 18, 16, 7, 14, 10, 3, 24, 18, -1, 10, 16, 24, 5, 22, 16, 18, -3, -1, -10, 53, 18, 22, -1, 21, 25, 6, -1, 42, 38, 55, 51, 43, 49, -1, 14, 18, -1, 10, 16, 28, 10, 24, 0, 22, 11, 0, -1, 4, 5, -1, 5, 23, 24, 0, -1, 15, 0, 16, 5, 22, 0, -1, 5, 16, -1, 25, 16, -1, 15, 18, 15, 5, 16, 24, 18, -1, 3, 18, 15, 18, -1, 5, 23, 24, 5, -9]

[-16, 38, 14, 10, 8, 5, -1, 25, 16, 0, -1, 18, 20, 3, 10, 19, 16, -13]
[-15, 0, -14, -1, 53, 55, 51, 57, 33, -13, -1, 48, 5, -1, 14, 5, 11, 23, 24, 5, -1, 14, 0, -1, 15, 5, 16, 24, 5, -3, -1, 12, 0, 12, 0, 12, 0]
[-15, 2, -14, -1, 53, 55, 51, 57, 33, -13, -1, 38, 23, 20, 5, 22, 0, -4, -1, 20, 22, 10, 15, 5, 22, 18, -1, 24, 5, 16, 8, 18, -1, 21, 25, 5, -1, 9, 0, 2, 14, 0, 22, -1, 3, 18, 16, 24, 10, 8, 18, -3]
