[38, 22, 0, -1, 25, 16, -1, 28, 10, 5, 22, 16, 5, 23, -1, 4, 5, -1, 7, 10, 16, 0, 14, 5, 23, -1, 4, 5, -1, 16, 18, 28, 10, 5, 15, 2, 22, 5, -1, 5, 16, -1, 14, 0, -1, 25, 16, 10, 28, 5, 22, 23, 10, 4, 0, 4, -3, -1, 47, 18, 23, -1, 20, 0, 22, 3, 10, 0, 14, 5, 23, -1, 24, 22, 0, 16, 23, 3, 25, 22, 22, 11, 0, 16, -1, 16, 18, 22, 15, 0, 14, 15, 5, 16, 24, 5, -4, -1, 31, -1, 14, 18, 23, -1, 18, 12, 18, 23, -1, 0, 4, 18, 22, 16, 0, 4, 18, 23, -1, 4, 5, -1, 2, 18, 14, 23, 0, 23, -1, 18, 23, 3, 25, 22, 0, 23, -1, 22, 5, 28, 5, 14, 0, 2, 0, 16, -1, 5, 14, -1, 0, 22, 4, 25, 18, -1, 24, 22, 0, 2, 0, 12, 18, -1, 21, 25, 5, -1, 4, 5, 23, 5, 15, 20, 5, 17, 0, 2, 0, 16, -1, 14, 18, 23, -1, 7, 25, 24, 25, 22, 18, 23, -1, 20, 22, 18, 7, 5, 23, 10, 18, 16, 10, 23, 24, 0, 23, -3, -1, 53, 55, 51, 57, 33, -1, 16, 18, -1, 5, 22, 0, -1, 14, 0, -1, 5, 30, 3, 5, 20, 3, 10, 19, 16, -3, -1, 56, 25, 23, -1, 24, 5, 15, 2, 14, 18, 22, 5, 23, -1, 22, 5, 3, 25, 22, 22, 5, 16, 24, 5, 23, -1, 20, 18, 22, -1, 5, 14, -1, 5, 30, 3, 5, 23, 18, -1, 4, 5, -1, 3, 0, 7, 5, 11, 16, 0, -1, 20, 22, 5, 18, 3, 25, 20, 0, 2, 0, 16, -1, 0, -1, 23, 25, 23, -1, 0, 15, 18, 22, 18, 23, 18, 23, -1, 20, 0, 4, 22, 5, 23, -1, 21, 25, 5, -1, 3, 18, 16, -1, 24, 0, 16, 24, 18, -1, 23, 0, 3, 22, 10, 7, 10, 3, 10, 18, -1, 14, 18, -1, 9, 0, 2, 11, 0, 16, -1, 14, 14, 5, 28, 0, 4, 18, -1, 9, 0, 23, 24, 0, -1, 4, 18, 16, 4, 5, -1, 5, 23, 24, 0, 2, 0, -1, 0, 9, 18, 22, 0, -3]

[49, 18, -1, 18, 2, 23, 24, 0, 16, 24, 5, -4, -1, 24, 18, 4, 18, -1, 5, 14, -1, 4, 0, 17, 18, -1, 21, 25, 5, -1, 53, 55, 51, 57, 33, -1, 23, 5, -1, 9, 0, 2, 11, 0, -1, 9, 5, 3, 9, 18, -1, 22, 10, 16, 4, 10, 19, -1, 23, 25, 23, -1, 7, 22, 25, 24, 18, 23, -4, -1, 31, -1, 23, 25, -1, 23, 5, 15, 5, 23, 24, 22, 5, -1, 9, 0, 2, 11, 0, -1, 24, 5, 22, 15, 10, 16, 0, 4, 18, -1, 23, 0, 24, 10, 23, 7, 0, 3, 24, 18, 22, 10, 0, 15, 5, 16, 24, 5, -3, -1, -7, 33, 9, 18, 22, 0, -1, 23, 11, -4, -1, 20, 25, 5, 4, 18, -1, 3, 18, 15, 5, 16, 32, 0, 22, -1, 3, 18, 16, -1, 5, 23, 18, -7, -4, -1, 20, 5, 16, 23, 19, -3]

[42, 0, 2, 11, 0, -1, 25, 16, 0, -1, 20, 5, 22, 23, 18, 16, 0, -1, 5, 23, 20, 5, 3, 10, 0, 14, -1, 20, 0, 22, 0, -1, 53, 55, 51, 57, 33, -3, -1, 58, 16, 0, -1, 3, 9, 10, 3, 0, -1, 4, 5, 23, 14, 25, 15, 2, 22, 0, 16, 24, 5, -1, 21, 25, 5, -1, 3, 18, 16, 18, 3, 10, 19, -1, 3, 25, 0, 16, 4, 18, -1, 3, 18, 15, 5, 16, 32, 19, -1, 14, 0, -1, 25, 16, 10, 28, 5, 22, 23, 10, 4, 0, 4, -3, -1, 36, 25, 0, 16, -1, 5, 23, 24, 25, 4, 10, 0, 16, 24, 5, -1, 4, 5, -1, 23, 5, 3, 25, 16, 4, 0, 22, 10, 0, -4, -1, 21, 25, 5, 4, 19, -1, 20, 22, 5, 16, 4, 0, 4, 18, -1, 20, 18, 22, -1, 23, 25, -1, 23, 10, 16, 8, 25, 14, 0, 22, -1, 2, 5, 14, 14, 5, 32, 0, -4, -1, 31, -1, 3, 18, 16, -1, 5, 14, -1, 24, 10, 5, 15, 20, 18, -1, 23, 25, -1, 4, 5, 23, 14, 25, 15, 2, 22, 0, 16, 24, 5, -1, 20, 5, 22, 23, 18, 16, 0, 14, 10, 4, 0, 4, -1, 14, 18, -1, 3, 0, 25, 24, 10, 28, 19, -1, 0, 26, 16, -1, 15, 1, 23, -3]

[37, 25, 22, 0, 16, 24, 5, -1, 14, 18, 23, -1, 23, 10, 8, 25, 10, 5, 16, 24, 5, 23, -1, 4, 18, 23, -1, 0, 17, 18, 23, -4, -1, 53, 55, 51, 57, 33, -1, 23, 5, -1, 9, 10, 32, 18, -1, 15, 25, 31, -1, 0, 15, 10, 8, 18, -1, 4, 5, -1, 42, 38, 55, 51, 43, 49, -3, -1, 42, 0, 3, 11, 0, 16, -1, 24, 18, 4, 18, -1, 12, 25, 16, 24, 18, 23, -5, -1, 5, 23, 24, 25, 4, 10, 0, 2, 0, 16, -1, 14, 0, 23, -1, 0, 23, 10, 8, 16, 0, 24, 25, 22, 0, 23, -4, -1, 3, 18, 15, 20, 0, 22, 24, 11, 0, 16, -1, 14, 0, -1, 9, 18, 22, 0, -1, 4, 5, -1, 14, 0, -1, 3, 18, 15, 10, 4, 0, -1, 5, -1, 10, 16, 3, 14, 25, 23, 18, -1, 23, 0, 14, 11, 0, 16, -1, 0, -1, 2, 5, 2, 5, 22, -1, 9, 0, 23, 24, 0, -1, 24, 5, 22, 15, 10, 16, 0, 22, -1, 15, 0, 16, 3, 9, 0, 4, 18, 23, -1, 4, 5, -1, 0, 20, 5, 23, 24, 18, 23, 18, -1, 28, 19, 15, 10, 24, 18, -3, -1, 53, 55, 51, 57, 33, -1, 23, 10, 5, 15, 20, 22, 5, -1, 0, 15, 19, -1, 24, 18, 4, 18, 23, -1, 14, 18, 23, -1, 15, 18, 15, 5, 16, 24, 18, 23, -1, 21, 25, 5, -1, 20, 0, 23, 0, 2, 0, -1, 3, 18, 16, -1, 42, 38, 55, 51, 43, 49, -4, -1, 0, -1, 24, 0, 14, -1, 20, 25, 16, 24, 18, -1, 21, 25, 5, -1, 24, 5, 15, 11, 0, -1, 22, 18, 15, 20, 5, 22, -1, 5, 23, 0, -1, 9, 5, 22, 15, 18, 23, 0, -1, 22, 5, 14, 0, 3, 10, 19, 16, -1, 3, 18, 16, -1, 25, 16, 0, -1, 10, 16, 7, 0, 16, 24, 10, 14, -1, 4, 5, 3, 14, 0, 22, 0, 3, 10, 19, 16, -3]

[56, 10, 16, -1, 5, 15, 2, 0, 22, 8, 18, -4, -1, 16, 18, -1, 20, 18, 4, 11, 0, -1, 23, 18, 20, 18, 22, 24, 0, 22, 14, 18, -1, 15, 1, 23, -3, -1, 54, 25, 5, 22, 11, 0, -1, 23, 5, 22, -1, 15, 1, 23, -1, 3, 5, 22, 3, 0, 16, 18, -1, 0, -1, 42, 38, 55, 51, 43, 49, -3]

[36, 10, 24, 19, -1, 0, -1, 42, 38, 55, 51, 43, 49, -1, 5, 16, -1, 25, 16, 0, -1, 20, 5, 21, 25, 5, 17, 0, -1, 20, 14, 0, 32, 0, -1, 15, 25, 31, -1, 20, 18, 3, 18, -1, 3, 18, 16, 3, 25, 22, 22, 10, 4, 0, -1, 4, 5, 16, 24, 22, 18, -1, 4, 5, 14, -1, 3, 0, 15, 20, 25, 23, -3, -1, -7, 49, 5, 3, 5, 23, 10, 24, 18, -1, 4, 5, 3, 10, 22, 24, 5, -1, 0, 14, 8, 18, -1, 10, 15, 20, 18, 22, 24, 0, 16, 24, 5, -7, -4, -1, 7, 25, 5, 22, 18, 16, -1, 14, 0, 23, -1, 20, 0, 14, 0, 2, 22, 0, 23, -1, 21, 25, 5, -1, 53, 55, 51, 57, 33, -1, 25, 23, 19, -3, -1, 39, 14, -1, 5, 23, 20, 5, 22, 0, 2, 0, -1, 24, 22, 0, 16, 21, 25, 10, 14, 0, 15, 5, 16, 24, 5, -1, 14, 0, -1, 14, 14, 5, 8, 0, 4, 0, -1, 4, 5, -1, 23, 25, -1, 9, 5, 22, 18, 11, 16, 0, -3]

